errmodel	readA	readT	readG	readC	readN	pos
refA	1.0	0.0	0.0	0.0	0.0	0
refT	0.0	1.0	0.0	0.0	0.0	0
refG	0.0	0.0	1.0	0.0	0.0	0
refC	0.0	0.0	0.0	1.0	0.0	0
refN	0.0	0.0	0.0	0.0	1.0	0
refA	0.998780996306	0.000109112220839	0.000528816159412	4.48332392556e-05	0.000534757914012	1
refT	0.000232049540078	0.998980800308	5.14078981095e-05	0.000192779617911	0.000541924925905	1
refG	0.000536102151828	0.000368797545423	0.998431426833	0.000114930990487	0.000546285910479	1
refC	0.000408063267752	0.000291808149406	6.16386197943e-05	0.998693741836	0.000543044042744	1
refN	0.0	0.0	0.0	0.0	1.0	1
refA	0.999438469064	5.16060501643e-05	0.000497245795854	1.23639495185e-05	0.0	2
refT	0.0001576083125	0.999692145367	4.94856206988e-05	0.000100665954435	0.0	2
refG	0.000335920484608	0.000447648960888	0.99914218977	7.35055765006e-05	0.0	2
refC	0.000166310922147	0.0001913006462	0.000114608044795	0.99952755729	0.0	2
refN	0.0	0.0	0.0	0.0	1.0	2
refA	0.999353302737	4.60243890505e-05	0.000587174310833	1.21116813291e-05	9.68934506325e-07	3
refT	0.000218407471787	0.999524681638	8.42750480239e-05	0.000172088361423	3.21660488641e-07	3
refG	0.00033547887004	0.000215144057961	0.999368234058	8.02232080532e-05	5.20929922423e-07	3
refC	0.000140717487973	0.000221509657875	0.000195292331218	0.999442169522	0.0	3
refN	0.0	0.0	0.0	0.0	1.0	3
refA	0.999430383389	4.63037428046e-05	0.000505441908299	1.75466814839e-05	0.0	4
refT	0.00023805867257	0.999500374548	0.000112872646477	0.000148444632033	0.0	4
refG	0.000308339586067	0.000147329495049	0.999475653144	6.84029798443e-05	0.0	4
refC	0.000140339907821	0.000194536213686	0.000136346495809	0.999528555227	0.0	4
refN	0.0	0.0	0.0	0.0	1.0	4
refA	0.999452636571	5.01674398027e-05	0.000476351785555	1.72002650752e-05	3.34449598684e-06	5
refT	0.00014294225133	0.999483608659	0.000182592899135	0.000187590879951	2.99878848945e-06	5
refG	0.000284055522981	0.000142787268237	0.999503542578	6.02542018445e-05	9.11408095127e-06	5
refC	0.000150907345266	0.000192495983726	0.000101000979115	0.99955361415	1.78237021968e-06	5
refN	0.0	0.0	0.0	0.0	1.0	5
refA	0.99979710802	3.76935514269e-05	0.00014879033458	1.28951623303e-05	3.47177447353e-06	6
refT	6.74163829416e-05	0.999604680062	0.000178394121015	0.000130338340354	1.901487724e-05	6
refG	0.000119440750724	0.000124566963201	0.999722082067	2.9732032369e-05	4.10096998192e-06	6
refC	0.000123416919753	0.000138640152145	4.83881315331e-05	0.999685650204	3.80580809811e-06	6
refN	0.0	0.0	0.0	0.0	1.0	6
refA	0.999787178699	2.99140886673e-05	0.000171764767186	1.1097161925e-05	0.0	7
refT	5.89661295084e-05	0.999435688046	0.000372874054244	0.000132153502016	0.0	7
refG	0.000158950126697	0.000111110768177	0.999679425003	5.04113670431e-05	0.0	7
refC	0.000155281958156	0.000125354889857	6.49360915926e-05	0.999654307598	0.0	7
refN	0.0	0.0	0.0	0.0	1.0	7
refA	0.999787882689	3.99768524274e-05	0.000157469796757	1.46256777173e-05	0.0	8
refT	9.57427274873e-05	0.999503990384	0.000257718437689	0.000142302547019	0.0	8
refG	0.000147577445335	0.000122893673339	0.999675329281	5.35690370966e-05	5.25186638202e-07	8
refC	0.000158060790968	0.000136686022082	6.13118370658e-05	0.999642688736	1.12498783607e-06	8
refN	0.0	0.0	0.0	0.0	1.0	8
refA	0.999798831155	3.78652459495e-05	0.000145559906507	1.77032318725e-05	0.0	9
refT	9.05783772737e-05	0.999347868482	0.000408093194359	0.000153034947885	0.0	9
refG	0.000150051049396	0.000124419553414	0.999681640938	4.37871389697e-05	0.0	9
refC	0.000171511639202	0.000154860023745	5.0509900218e-05	0.999622976344	0.0	9
refN	0.0	0.0	0.0	0.0	1.0	9
refA	0.999754478045	4.41546171249e-05	0.000185164523427	1.61425481962e-05	0.0	10
refT	7.42962815419e-05	0.999370207969	0.000366174530456	0.000188924830206	0.0	10
refG	0.000152730496661	0.000108028887883	0.99967580827	6.33272791035e-05	0.0	10
refC	0.000173943682388	0.000159448375522	6.41138572904e-05	0.999602336011	0.0	10
refN	0.0	0.0	0.0	0.0	1.0	10
refA	0.999796822026	4.7285977874e-05	0.0001423404436	1.35102793926e-05	0.0	11
refT	7.31553820314e-05	0.999437824078	0.000343730082696	0.000144974592702	0.0	11
refG	0.000136565958976	0.00011962754546	0.999707197333	3.65234541448e-05	0.0	11
refC	0.000161222017478	0.000152139086916	4.71177022911e-05	0.999639391201	0.0	11
refN	0.0	0.0	0.0	0.0	1.0	11
refA	0.999767487605	3.77622206147e-05	0.000176060223386	1.86359010826e-05	0.0	12
refT	7.34645412256e-05	0.999454203118	0.00031546538291	0.00015656922587	0.0	12
refG	0.000157634108412	0.000124727324838	0.999680383625	3.71528201644e-05	0.0	12
refC	0.000161460134101	0.00014698439794	5.40056310614e-05	0.999637418419	0.0	12
refN	0.0	0.0	0.0	0.0	1.0	12
refA	0.999771048706	4.54954310266e-05	0.000163499205252	1.94303403343e-05	4.7391073986e-07	13
refT	7.09593706918e-05	0.999297603457	0.000479587470882	0.000149608919488	1.74776775103e-06	13
refG	0.00013063871313	0.000122244257668	0.999696133336	5.0366732773e-05	5.24653466385e-07	13
refC	0.00017378344558	0.000136102245406	5.62405972751e-05	0.999632051157	1.68721791825e-06	13
refN	0.0	0.0	0.0	0.0	1.0	13
refA	0.999777064469	4.48635313422e-05	0.000156545088088	1.86135927909e-05	2.86362966014e-06	14
refT	0.000116259452344	0.999382909811	0.00036347782802	0.000130958923331	6.01341994885e-06	14
refG	0.000146940175684	0.000113072923296	0.999690729142	4.75234025445e-05	1.63873801878e-06	14
refC	0.000183899356692	0.000154475459621	4.24383130827e-05	0.999617342968	1.69753252331e-06	14
refN	0.0	0.0	0.0	0.0	1.0	14
refA	0.999792729545	3.84851077435e-05	0.000157887621512	1.08547739789e-05	0.0	15
refT	5.85066704253e-05	0.999342032169	0.00046173730239	0.000137291220941	0.0	15
refG	0.000122072863203	0.000108325919148	0.999724435326	4.50899764982e-05	0.0	15
refC	0.000147579364284	0.000138112008839	5.40196163605e-05	0.999660173568	0.0	15
refN	0.0	0.0	0.0	0.0	1.0	15
refA	0.999774623569	2.91204757045e-05	0.000181406242093	1.19346211903e-05	2.86430908568e-06	16
refT	7.89342783672e-05	0.99919844729	0.000541652461899	0.000180323997994	0.0	16
refG	0.00014041927995	0.000142058415513	0.999654022737	6.17407728961e-05	1.63913556361e-06	16
refC	0.000188172027775	0.000134894405453	9.29524474549e-05	0.999580971692	2.83391608094e-06	16
refN	0.0	0.0	0.0	0.0	1.0	16
refA	0.999783105546	3.43898993045e-05	0.000153321634399	1.38514872199e-05	1.52843996909e-05	17
refT	9.90272425965e-05	0.999190622957	0.000525113847646	0.000164708576972	1.98728139905e-05	17
refG	0.000125416591209	0.000102171274735	0.999716651228	3.56788578441e-05	2.00017839429e-05	17
refC	0.000167268966803	0.000147490541675	7.57231133502e-05	0.999596922819	1.24321529381e-05	17
refN	0.0	0.0	0.0	0.0	1.0	17
refA	0.999753039955	3.6047264383e-05	0.000186161899622	1.33325498403e-05	1.13573572714e-05	18
refT	0.000105799474729	0.999247192788	0.000526003048888	0.000116113260001	4.32513575936e-06	18
refG	0.000140940616837	0.000124488404755	0.999691700208	3.61948665808e-05	6.58088483287e-06	18
refC	0.00016640174711	0.000160419984959	4.94854868855e-05	0.999613755316	9.78833806527e-06	18
refN	0.0	0.0	0.0	0.0	1.0	18
refA	0.999782757272	4.2766379283e-05	0.000163857700399	1.05714645419e-05	0.0	19
refT	7.98815316268e-05	0.999298513974	0.000454241590861	0.000166871165644	0.0	19
refG	0.000158200158959	0.000108356273259	0.999674825476	5.79706061938e-05	5.41781366297e-07	19
refC	0.000183214752674	0.000134357485294	6.16267804449e-05	0.999620657135	0.0	19
refN	0.0	0.0	0.0	0.0	1.0	19
refA	0.999733762657	5.20760503209e-05	0.00016780060659	1.30190125802e-05	3.32708099272e-05	20
refT	8.39982633612e-05	0.999241754417	0.000485435746895	0.000159900308567	2.83367635435e-05	20
refG	0.000151693762342	0.00011857751845	0.999667658881	3.09797120276e-05	3.09797120276e-05	20
refC	0.000160428225977	0.000167136026366	6.93139373559e-05	0.999578908282	2.40362847282e-05	20
refN	0.0	0.0	0.0	0.0	1.0	20
refA	0.999766668697	4.17442823839e-05	0.000170906003172	2.06265865897e-05	0.0	21
refT	0.000102033592649	0.999283590191	0.000462640915205	0.000151222425588	0.0	21
refG	0.000165918221357	0.000110430816182	0.999677307361	4.62395043125e-05	0.0	21
refC	0.00015469743439	0.00015469743439	6.49619119502e-05	0.999625503024	0.0	21
refN	0.0	0.0	0.0	0.0	1.0	21
refA	0.999761190709	3.2121289991e-05	0.000187454095321	1.91768895469e-05	0.0	22
refT	9.62842119409e-05	0.998886900888	0.000836617940505	0.000178959347989	0.0	22
refG	0.000131794445668	0.000166082431533	0.999650569085	5.14319787972e-05	0.0	22
refC	0.000174228813412	0.000151259741548	0.000113164695528	0.999561154248	0.0	22
refN	0.0	0.0	0.0	0.0	1.0	22
refA	0.999786943717	3.00151721854e-05	0.000161210521577	1.69440488144e-05	4.8411568041e-06	23
refT	5.12825325661e-05	0.99945168029	0.00026814396113	0.000226581647155	2.01107970847e-06	23
refG	0.00011581225028	9.6687291518e-05	0.999732178868	5.09998900315e-05	4.24999083596e-06	23
refC	0.000176101243445	0.000134632240956	5.73749212515e-05	0.999630619065	1.13613705449e-06	23
refN	0.0	0.0	0.0	0.0	1.0	23
refA	0.999781087537	3.29526401704e-05	0.000164763200852	1.72140657607e-05	3.93464360244e-06	24
refT	9.57848353316e-05	0.999463250459	0.000205205706249	0.000227488983912	7.98206961096e-06	24
refG	0.000138971953621	9.24677201137e-05	0.999696007858	6.488962815e-05	7.5704566175e-06	24
refC	0.00018061164215	0.000149869234975	7.13663023691e-05	0.999594145368	3.8428008968e-06	24
refN	0.0	0.0	0.0	0.0	1.0	24
refA	0.99957958968	5.33096401599e-05	0.000158007852366	2.2572550338e-05	0.000186343607046	25
refT	7.31524818199e-05	0.999176880128	0.000280069501825	0.000277631085764	0.000191589833338	25
refG	0.000151849164589	9.57077481036e-05	0.999490190037	8.82222259056e-05	0.000173771051026	25
refC	0.00017381121762	0.000154870251597	5.68228980681e-05	0.999428101615	0.000186067136811	25
refN	0.0	0.0	0.0	0.0	1.0	25
refA	0.999730456776	4.53178388556e-05	0.000184195086962	3.94703757775e-05	4.87288589845e-07	26
refT	8.13583898866e-05	0.999172343563	0.000454851757805	0.000290075271958	6.86568691026e-07	26
refG	0.000129088482515	9.11522754084e-05	0.999603093028	0.00017282049904	3.68824235757e-06	26
refC	0.000227052682389	0.000138474105062	8.07298426273e-05	0.999553544136	0.0	26
refN	0.0	0.0	0.0	0.0	1.0	26
refA	0.999675151082	4.34307316844e-05	0.00024034961739	3.89889523076e-05	1.97412416747e-06	27
refT	9.32531991123e-05	0.99844017424	0.0011258451922	0.000337617421603	6.80680285491e-07	27
refG	0.000148088264822	0.000186032588904	0.999457418133	0.00020711276895	1.05400900229e-06	27
refC	0.000213210828692	0.00016320519619	0.00019672545534	0.999424329264	2.19804978033e-06	27
refN	0.0	0.0	0.0	0.0	1.0	27
refA	0.999663836813	4.22463132891e-05	0.000255878238444	3.74455958698e-05	4.80071741921e-07	28
refT	9.70651848986e-05	0.998252592047	0.00128083841812	0.000366104556085	3.51685452531e-07	28
refG	0.000152497384617	0.000221814377624	0.999349063238	0.000274068726199	2.13283055408e-06	28
refC	0.000211775946521	0.000170186871752	0.000207945373845	0.999407004249	2.73612334006e-06	28
refN	0.0	0.0	0.0	0.0	1.0	28
refA	0.999658873917	5.02337317577e-05	0.000240059275803	4.97507151062e-05	9.66033303032e-07	29
refT	8.31743684434e-05	0.998570415453	0.00105987909502	0.000283811314362	6.78974436273e-07	29
refG	0.000153361475597	0.000206908024704	0.999334644623	0.000304123604151	5.19869408805e-07	29
refC	0.000164317524268	0.000179459412169	0.000188993193441	0.999466945875	0.0	29
refN	0.0	0.0	0.0	0.0	1.0	29
refA	0.999611020431	4.47890852445e-05	0.000297773588713	4.38047097446e-05	2.4609387497e-06	30
refT	0.000115714033405	0.997887997049	0.00167514672336	0.000309924136256	6.76690253833e-06	30
refG	0.000148973492827	0.00030379951573	0.999180506818	0.000363920961049	2.12819275467e-06	30
refC	0.000214852636368	0.000182981912815	0.000304969854691	0.999292849421	3.84646663575e-06	30
refN	0.0	0.0	0.0	0.0	1.0	30
refA	0.999535620881	5.51769000456e-05	0.000268624381801	4.40447184574e-05	9.63175711322e-05	31
refT	0.000119470465343	0.997991988774	0.00149701687442	0.000278764419133	0.000108735438022	31
refG	0.000155606106957	0.000267282598685	0.9990416285	0.000442471787131	9.20934102402e-05	31
refC	0.00016764162536	0.000169854716124	0.000291574708135	0.999274687077	9.57161755357e-05	31
refN	0.0	0.0	0.0	0.0	1.0	31
refA	0.999458488982	5.93313787744e-05	0.000339105359987	5.64371651757e-05	8.63440390294e-05	32
refT	0.000110354671664	0.997423939167	0.00204654629413	0.000307342917344	0.000105197911306	32
refG	0.000180429826239	0.000356206734324	0.998932827108	0.000426517497557	0.00010288119032	32
refC	0.000217433320448	0.00020057802429	0.000453407466671	0.999014117855	0.000113492327469	32
refN	0.0	0.0	0.0	0.0	1.0	32
refA	0.999560127125	4.82514986275e-05	0.000267845053606	4.48049630113e-05	7.87779569429e-05	33
refT	0.000125390277238	0.998010817918	0.00146977738481	0.000294158812547	9.59066174549e-05	33
refG	0.000145285103592	0.000288464625972	0.999168657656	0.000318469158236	7.84329001275e-05	33
refC	0.000214115037167	0.000172726821219	0.000353731285628	0.999180393963	7.83616888599e-05	33
refN	0.0	0.0	0.0	0.0	1.0	33
refA	0.999552942484	5.12074820895e-05	0.000274394809687	5.70045555335e-05	6.42508973387e-05	34
refT	8.78589939246e-05	0.997923400479	0.00162712089536	0.000305776970982	5.15393310817e-05	34
refG	0.000166954868802	0.000366882015768	0.999060192718	0.000344377127497	6.07108613824e-05	34
refC	0.000214506205597	0.000182106830794	0.000372034200333	0.99919327562	3.74268639975e-05	34
refN	0.0	0.0	0.0	0.0	1.0	34
refA	0.999500690524	6.35434258216e-05	0.000284967825031	5.6211492073e-05	9.43375475659e-05	35
refT	0.000104310960701	0.997772993215	0.00177731119213	0.000267653204627	7.27828889776e-05	35
refG	0.000138875315684	0.000354903584526	0.999073306597	0.000357475349631	7.45811880526e-05	35
refC	0.000203157222126	0.000168541047406	0.000402342096333	0.9991480574	7.71770452768e-05	35
refN	0.0	0.0	0.0	0.0	1.0	35
refA	0.999483233836	6.5862321008e-05	0.000264934900295	5.19965692168e-05	0.0001337054637	36
refT	0.000108955525523	0.997501889949	0.00188867701183	0.000343020865842	0.000151231644259	36
refG	0.000176288518261	0.000323455629376	0.99905265766	0.000298494423251	0.00014820716137	36
refC	0.000226983161826	0.000197160556622	0.000383827974377	0.999060257921	0.000130888100615	36
refN	0.0	0.0	0.0	0.0	1.0	36
refA	0.999416796079	9.92417927037e-05	0.000313216779899	5.61563314811e-05	0.000114249088186	37
refT	0.000102077570705	0.997577968401	0.00192125798061	0.000314481404697	7.83625795311e-05	37
refG	0.000147305367632	0.000346631162296	0.999068430891	0.000338905356301	9.78602092663e-05	37
refC	0.000220858481977	0.000198941228041	0.000398444436951	0.999087635378	9.32888244484e-05	37
refN	0.0	0.0	0.0	0.0	1.0	37
refA	0.999406847866	8.99656234058e-05	0.000298102308907	6.03012827153e-05	0.000144431298116	38
refT	0.000115338330874	0.997498503502	0.00194203891631	0.000294980332943	0.000142897047101	38
refG	0.000162648034316	0.000319598207557	0.999096851059	0.00029991468748	0.00012017306994	38
refC	0.000220562411528	0.000203030527534	0.000420199671192	0.999026882719	0.000128378634402	38
refN	0.0	0.0	0.0	0.0	1.0	38
refA	0.999285584501	0.00014050530457	0.000331968518896	7.86631810797e-05	0.000162768469026	39
refT	0.000137948956214	0.997621836118	0.00182272991298	0.000300281141977	0.000111561625607	39
refG	0.000174124299875	0.000416654574701	0.998841458258	0.000407844714291	0.000158577487386	39
refC	0.000234040502774	0.000195492655258	0.000462023486653	0.998952053556	0.000155292757135	39
refN	0.0	0.0	0.0	0.0	1.0	39
refA	0.999333904821	0.000129099013664	0.000284593736442	7.39079855179e-05	0.00017805105602	40
refT	0.000124000442909	0.997553139898	0.00187223203941	0.000321353260496	0.000123301848864	40
refG	0.000168218828218	0.000383830577079	0.998878499995	0.000388517789011	0.000179676457384	40
refC	0.000274009237399	0.000197286650928	0.000458143444932	0.99889671896	0.000172625819562	40
refN	0.0	0.0	0.0	0.0	1.0	40
refA	0.99920914096	0.000208286223843	0.000340875833928	8.24466302712e-05	0.000158625388066	41
refT	0.000124853776372	0.997558225757	0.00192530580762	0.00028504352719	0.000100623393896	41
refG	0.000191846673211	0.000384216089402	0.998971230024	0.000317304988118	0.000134344945546	41
refC	0.000248422937793	0.000198173752649	0.000497410473172	0.998917059534	0.000137761810958	41
refN	0.0	0.0	0.0	0.0	1.0	41
refA	0.99908456605	0.000223469419468	0.000358636353097	0.000101128545234	0.000231362379096	42
refT	0.00012516000764	0.997287836283	0.00202004823289	0.000364849994874	0.000194769546136	42
refG	0.000181482651036	0.000490521679658	0.998714489459	0.000407039660182	0.000204816134741	42
refC	0.00023935621432	0.000230002063416	0.000524932938992	0.998799027102	0.000205241075727	42
refN	0.0	0.0	0.0	0.0	1.0	42
refA	0.999167670731	0.000256666218825	0.000329380288323	8.71605733721e-05	0.000158429992483	43
refT	0.000138671945117	0.997776315075	0.00166511921916	0.000306556508114	0.000108403449482	43
refG	0.00017768714356	0.000353824689939	0.998923939426	0.000428721887079	0.000114670191484	43
refC	0.00020149789404	0.000185869248519	0.000484488011154	0.998973596797	0.000153495625654	43
refN	0.0	0.0	0.0	0.0	1.0	43
refA	0.999149755501	0.000264125047362	0.000346243925724	0.000104689564227	0.000134463660475	44
refT	0.000119426111339	0.997708555412	0.00172397922328	0.000312424182385	0.000130376356504	44
refG	0.000148599683441	0.000402370269599	0.998908905385	0.00042120684919	0.000117728622444	44
refC	0.000244268593674	0.000193379303326	0.00047779389272	0.998971545139	0.000111956438767	44
refN	0.0	0.0	0.0	0.0	1.0	44
refA	0.998984153686	0.000251484870226	0.000343695989309	8.43213976641e-05	0.000335313160302	45
refT	0.000116482197913	0.997601079249	0.00167145335699	0.000326282520291	0.000278961627389	45
refG	0.000214979453732	0.000466662716638	0.998495505421	0.000518048049481	0.000302544255618	45
refC	0.000257146198143	0.000215581618702	0.000427283876656	0.998799283343	0.000299264971977	45
refN	0.0	0.0	0.0	0.0	1.0	45
refA	0.998941616559	0.000324454090231	0.000378772263783	0.000125125792645	0.000228912302824	46
refT	0.000110504308794	0.997138656785	0.00228247349208	0.000285702595837	0.000174498892684	46
refG	0.000203354091093	0.000637176152092	0.998424918047	0.000534456265053	0.000197618462883	46
refC	0.000246030749974	0.000220045479752	0.000590473799937	0.998729532745	0.000212305186494	46
refN	0.0	0.0	0.0	0.0	1.0	46
refA	0.998672211499	0.000321931433453	0.000404838474297	9.98763182098e-05	0.000499381591049	47
refT	0.00016747046736	0.996948277618	0.00225929745966	0.000284527144546	0.00033114263546	47
refG	0.000207184530082	0.000538679778213	0.998397657322	0.000474688606896	0.000379226367719	47
refC	0.000267850480405	0.000276760267695	0.000600296918661	0.998474660117	0.000378109098118	47
refN	0.0	0.0	0.0	0.0	1.0	47
refA	0.998719051932	0.000373846428983	0.000361597201296	0.000131311720796	0.000412553988471	48
refT	0.000150715386609	0.997285571611	0.00193952289374	0.000353601483967	0.000263240449009	48
refG	0.000220940521124	0.00055314225933	0.998331466202	0.000532577389822	0.00035909425987	48
refC	0.000261884021215	0.000265192029904	0.000574490842329	0.99854954275	0.000346789577567	48
refN	0.0	0.0	0.0	0.0	1.0	48
refA	0.998835181531	0.000372709103647	0.00031782876188	0.000134576142418	0.000338349237497	49
refT	0.000153370842407	0.997875593627	0.00147325820465	0.000292579061978	0.000200694728465	49
refG	0.000195837286887	0.000297481096114	0.998807591137	0.000440633895496	0.00025703643904	49
refC	0.000232723087852	0.000234944787975	0.000407681972514	0.998852843702	0.000270491989938	49
refN	0.0	0.0	0.0	0.0	1.0	49
refA	0.998863505834	0.000432204011962	0.000290728907934	0.000118139004394	0.00029413208913	50
refT	0.000121166846748	0.998108831007	0.0012787608537	0.000325114349125	0.000162557174563	50
refG	0.000204636431896	0.000311677027042	0.998833787998	0.0003945810174	0.000253959059071	50
refC	0.000278197796381	0.000256234812456	0.000399838938118	0.998812590599	0.000251729584984	50
refN	0.0	0.0	0.0	0.0	1.0	50
refA	0.99884761823	0.000431645743017	0.000279387141884	0.000133534242417	0.000306488187393	51
refT	0.000179744155341	0.9982420968	0.00108573399715	0.0003181868044	0.000171153442034	51
refG	0.000197241779395	0.000213590696939	0.998961557569	0.000357039263771	0.000269493447248	51
refC	0.00025274613086	0.000242812876808	0.000296342079196	0.998964214294	0.000242812876808	51
refN	0.0	0.0	0.0	0.0	1.0	51
refA	0.998633589497	0.000581490898193	0.000308871723978	0.000164344892257	0.000309838458638	52
refT	0.000154697054499	0.997830937122	0.00150316868236	0.000313565714961	0.000192936775835	52
refG	0.000231869177192	0.000309511020124	0.998852543361	0.000340673392457	0.00026408790113	52
refC	0.000290247464878	0.000290247464878	0.000367353053271	0.998770307842	0.000280333889228	52
refN	0.0	0.0	0.0	0.0	1.0	52
refA	0.998720733266	0.000498199282612	0.000315542319637	0.000145932282589	0.000317958417031	53
refT	0.000134228687139	0.997900348372	0.00138691706459	0.000346222104861	0.000227884471364	53
refG	0.000169112208321	0.000400390275152	0.998643684746	0.000492585404299	0.000292390266723	53
refC	0.000303100371354	0.000282485088743	0.000391133199798	0.998725802663	0.00029585716395	53
refN	0.0	0.0	0.0	0.0	1.0	53
refA	0.998508007802	0.000523747080595	0.000309398738351	0.000166338193189	0.000490285461557	54
refT	0.000185103985985	0.997824636645	0.00132323876954	0.000346772788423	0.000315525877028	54
refG	0.000208088784548	0.000345213957955	0.998574965015	0.000453526838118	0.000416177569096	54
refC	0.000324654998662	0.00030858845436	0.000412189964172	0.998520245505	0.000432134639857	54
refN	0.0	0.0	0.0	0.0	1.0	54
refA	0.998169792212	0.000540441350854	0.000393353146322	0.000188771181061	0.000704298568932	55
refT	0.000146982423747	0.996887455106	0.00207401005306	0.00034273320929	0.000539161333192	55
refG	0.00023485254349	0.000622013085707	0.998012325185	0.000493137086785	0.000633729085609	55
refC	0.000340125813096	0.000437702890623	0.000589365548266	0.99797018808	0.000658505877486	55
refN	0.0	0.0	0.0	0.0	1.0	55
refA	0.998145907764	0.000520528908154	0.000465839191725	0.000210457748043	0.00065383509195	56
refT	0.000261153383751	0.996709836365	0.00227643741074	0.000353246082783	0.000388537080587	56
refG	0.000275547591793	0.000758411943125	0.99790566003	0.000492836549892	0.000563166792369	56
refC	0.000358772031189	0.000479279814671	0.00074725831036	0.997854881936	0.00055521622618	56
refN	0.0	0.0	0.0	0.0	1.0	56
refA	0.99793901521	0.000503563284131	0.000536775993463	0.000207091011127	0.000809315578861	57
refT	0.000297509469971	0.996253530806	0.00246729464262	0.000437473368938	0.00053020807047	57
refG	0.000269872540786	0.000844542304108	0.997521628723	0.000662510629539	0.000695318663909	57
refC	0.000386056158229	0.000596431981972	0.00078918470006	0.997467993807	0.000753938488753	57
refN	0.0	0.0	0.0	0.0	1.0	57
refA	0.99766883677	0.000608387772403	0.000551395943607	0.000241265408572	0.000924692422224	58
refT	0.000263202958021	0.995985163252	0.00271306931293	0.00041576906354	0.000606740955437	58
refG	0.000334592998324	0.00107472118133	0.997169145169	0.000646950386	0.000766599148058	58
refC	0.000409263466885	0.00059950041632	0.000867638549796	0.99732105763	0.000795382379091	58
refN	0.0	0.0	0.0	0.0	1.0	58
refA	0.997819548399	0.000520393336262	0.000489980738688	0.000251507354538	0.000913826146145	59
refT	0.000237321778541	0.996503302716	0.00234878267986	0.00037589895247	0.000522509585758	59
refG	0.000323028462747	0.000775793560126	0.997555304458	0.000588279476872	0.000751632081611	59
refC	0.000401862167459	0.000598015868778	0.000773935950477	0.997452521446	0.000767191410604	59
refN	0.0	0.0	0.0	0.0	1.0	59
refA	0.997671226425	0.000625991418191	0.000516846706497	0.000251081780713	0.000929443082991	60
refT	0.000230491031137	0.996167261817	0.00260120721382	0.000425521903638	0.000560884239971	60
refG	0.000315525689267	0.000908505373063	0.997408598996	0.000578376841979	0.000782295097357	60
refC	0.000440778253914	0.00067710574666	0.000733714425155	0.997370417862	0.000771087144939	60
refN	0.0	0.0	0.0	0.0	1.0	60
refA	0.997794404088	0.000580195608805	0.000466824053062	0.000258182282408	0.000895540020159	61
refT	0.00028074489577	0.996433677983	0.00219303472264	0.000551675987444	0.000528192956212	61
refG	0.000360344800933	0.000840093796259	0.99740637733	0.000656190014718	0.000730284581773	61
refC	0.000372284873703	0.000537012693926	0.000695700494074	0.997632209871	0.00075719888029	61
refN	0.0	0.0	0.0	0.0	1.0	61
refA	0.997755050772	0.000495985901419	0.000560343096433	0.000297107652167	0.000886484069659	62
refT	0.000279985174384	0.996435046142	0.00230857016139	0.00045153275321	0.000512202018892	62
refG	0.000381378221988	0.000901630720673	0.997309455831	0.000648079957917	0.000752235665439	62
refC	0.000433189085642	0.00059040829047	0.000732017077797	0.997512327977	0.000725884413779	62
refN	0.0	0.0	0.0	0.0	1.0	62
refA	0.99760799398	0.000642727822838	0.00052551302232	0.000292548606292	0.000925508529086	63
refT	0.000259745172759	0.996303340351	0.00238938537334	0.000472202537734	0.000561711602469	63
refG	0.000368039181367	0.000931202583889	0.997156555434	0.000766219502587	0.000769921046077	63
refC	0.00041018466704	0.000605484051483	0.000748181309457	0.997431022188	0.000798545047566	63
refN	0.0	0.0	0.0	0.0	1.0	63
refA	0.997584094425	0.000616162284398	0.000594432423271	0.00034091737679	0.000858570957413	64
refT	0.000291011728408	0.995987141265	0.00264135523879	0.000539289938446	0.000525163155514	64
refG	0.000340729046583	0.000933907341317	0.99720027024	0.000790388136847	0.000726888632711	64
refC	0.000508326824832	0.00058963699159	0.000825823666458	0.997285075904	0.000783785757114	64
refN	0.0	0.0	0.0	0.0	1.0	64
refA	0.997625649431	0.000501704333459	0.000587432452574	0.000352654308179	0.000926935287934	65
refT	0.00030877355555	0.996160083445	0.00246916034155	0.000482865637924	0.000564428463918	65
refG	0.000360620829834	0.001173448732	0.996851205907	0.000841968979323	0.000762871769894	65
refC	0.000462202249974	0.0006512849886	0.000927168867472	0.997191831973	0.000759648195531	65
refN	0.0	0.0	0.0	0.0	1.0	65
refA	0.997361808013	0.000644791344653	0.000705074753839	0.000421983864302	0.000859400281355	66
refT	0.000304745379744	0.99626532776	0.00243556076582	0.000469472612039	0.000510997601846	66
refG	0.000361313715416	0.00104515305621	0.997060492778	0.000757164771275	0.000767260301559	66
refC	0.000540673303102	0.000615949972334	0.000801119589352	0.997293725045	0.000741227932809	66
refN	0.0	0.0	0.0	0.0	1.0	66
refA	0.997656122888	0.000594863548996	0.000700850473456	0.000409147721902	0.000633534453867	67
refT	0.000280945320513	0.996291327914	0.00246163214445	0.000609611018434	0.000342780175745	67
refG	0.000474095897536	0.00122862798446	0.996744844544	0.00105507502197	0.000486794894791	67
refC	0.00060955611726	0.000619494532215	0.000926481127502	0.997291644291	0.000545508554215	67
refN	0.0	0.0	0.0	0.0	1.0	67
refA	0.997873826779	0.00058485420317	0.000594489363024	0.000463451189003	0.00047886744477	68
refT	0.000268257263803	0.997492935068	0.00154680326195	0.000434095193006	0.000251639557196	68
refG	0.000314660839071	0.00060314357173	0.997937106945	0.000773301263408	0.000367540614023	68
refC	0.000628045634669	0.000750119588285	0.00073354846336	0.997483155973	0.000398811739869	68
refN	0.0	0.0	0.0	0.0	1.0	68
refA	0.997980039303	0.000663494141904	0.000584343883444	0.000466595659439	0.000301454996727	69
refT	0.000320579994461	0.99758985521	0.00140892070574	0.000481579239467	0.000193270018784	69
refG	0.000364573472508	0.000576850158217	0.998166998554	0.00062952815639	0.000258695911822	69
refC	0.000651142785457	0.000658202715575	0.000629419923557	0.997789166371	0.000267191201372	69
refN	0.0	0.0	0.0	0.0	1.0	69
refA	0.997884462718	0.000633941011074	0.000606772110599	0.000495713271817	0.000374644838123	70
refT	0.000287619623222	0.997294139052	0.00156646875615	0.000554075438221	0.000290395204628	70
refG	0.000314902015005	0.000651883970962	0.997968205605	0.000746512289327	0.000314376302125	70
refC	0.000661375293489	0.00057626980997	0.000694193747918	0.99776279494	0.000300372294772	70
refN	0.0	0.0	0.0	0.0	1.0	70
refA	0.997877909033	0.000548738095768	0.000666704699615	0.000544386868577	0.000357767569047	71
refT	0.000323980550277	0.997169089805	0.00169783504762	0.000603039427616	0.00019806373977	71
refG	0.000403074855491	0.00076281394284	0.997758758008	0.000794141004147	0.000276200257195	71
refC	0.000739007472372	0.000628350973499	0.000747904477307	0.997604875197	0.000274138964544	71
refN	0.0	0.0	0.0	0.0	1.0	71
refA	0.997860462563	0.000591199778581	0.000554524854352	0.000638143681595	0.000351101274625	72
refT	0.00034293780127	0.997721943541	0.00115580156216	0.000578772952499	0.000195366397468	72
refG	0.000341395038567	0.000581732956821	0.998044682186	0.000745099907792	0.000283274104087	72
refC	0.000841735339776	0.000685196399496	0.000677613198237	0.997489632448	0.00029953644974	72
refN	0.0	0.0	0.0	0.0	1.0	72
refA	0.997957387971	0.000583499877883	0.000556890762931	0.00061581094604	0.000282246683601	73
refT	0.000376396828997	0.997733332817	0.00122223634491	0.000473656084251	0.000189251763833	73
refG	0.000364435926814	0.000580025203287	0.998140999583	0.00066848566808	0.000242604148955	73
refC	0.000844158523381	0.000758850561639	0.000734317553033	0.99740729312	0.000248675496319	73
refN	0.0	0.0	0.0	0.0	1.0	73
refA	0.997649383553	0.000651844763914	0.000593721538834	0.000806519792639	0.00029301791156	74
refT	0.00045360630656	0.997186568859	0.00158762207296	0.000566155239767	0.000198154333918	74
refG	0.000387972945424	0.000798359733638	0.997636169021	0.000927506161138	0.000244417618988	74
refC	0.000895112827975	0.000879603447292	0.000838614369774	0.997127522237	0.000250919623189	74
refN	0.0	0.0	0.0	0.0	1.0	74
refA	0.997591345292	0.000597298044398	0.0005787393153	0.000836607972244	0.000390221698671	75
refT	0.000397324869434	0.99725544039	0.0013670971495	0.000631653809486	0.000340971791004	75
refG	0.000413612991357	0.000829867189555	0.997353391837	0.00101633639256	0.000379805543788	75
refC	0.000937593050031	0.000772771217028	0.000793846795674	0.997111350658	0.000376118018917	75
refN	0.0	0.0	0.0	0.0	1.0	75
refA	0.997234287429	0.000697925589011	0.000671883589421	0.00091194347655	0.000476331847045	76
refT	0.00044247210858	0.996946595636	0.00151236684883	0.000722187756839	0.000367082752501	76
refG	0.000369477962376	0.000774219490963	0.997519094844	0.000855273061056	0.000475794982889	76
refC	0.000942219480136	0.000752769655838	0.000798595277055	0.997082704896	0.000415224836145	76
refN	0.0	0.0	0.0	0.0	1.0	76
refA	0.996908106885	0.000809412888969	0.000816102251687	0.000979513826674	0.000477333811145	77
refT	0.00047931343022	0.996042206011	0.00244582331508	0.000760922809137	0.000256132052718	77
refG	0.000477750983278	0.00118617685992	0.997136960063	0.000856036645564	0.000334901852065	77
refC	0.000977816113217	0.000928897193235	0.00111107799869	0.996565607781	0.00040484623434	77
refN	0.0	0.0	0.0	0.0	1.0	77
refA	0.996756863162	0.000875186377787	0.000778051374703	0.00102283158247	0.000556583567672	78
refT	0.000473893577822	0.995978640378	0.00235651252511	0.000836643769765	0.000338203186474	78
refG	0.000471535982814	0.00126476906552	0.996674260761	0.00110902255639	0.000469387755102	78
refC	0.00103702603432	0.000920162647622	0.00133519149759	0.996216622741	0.000476737086869	78
refN	0.0	0.0	0.0	0.0	1.0	78
refA	0.99648837878	0.000798837608803	0.000869059911878	0.00111271716483	0.000718718202611	79
refT	0.000493731449703	0.995751355183	0.0023049053422	0.00090859319075	0.000523440218883	79
refG	0.000472712801428	0.00128046550649	0.996371895304	0.0011901176673	0.000671693161529	79
refC	0.00118846931431	0.000924670981798	0.00119617949521	0.9959901113	0.000684553919223	79
refN	0.0	0.0	0.0	0.0	1.0	79
refA	0.995875424187	0.000932554166491	0.00102475854873	0.00122827702974	0.000922043822402	80
refT	0.000614399846486	0.994583772886	0.00314018973407	0.00092142843681	0.000711031612637	80
refG	0.000561656560186	0.00164808791769	0.99563318084	0.00129507675885	0.000843011722605	80
refC	0.00120807324644	0.000963208678404	0.00151905685116	0.995440626829	0.000848340860444	80
refN	0.0	0.0	0.0	0.0	1.0	80
refA	0.995824095536	0.000925888846055	0.000937950972762	0.00133165878849	0.000963040196314	81
refT	0.000545298252831	0.994170441646	0.00367083111399	0.00103715657373	0.000542485624834	81
refG	0.000550258141235	0.00164760898857	0.99564765851	0.00141758736865	0.000718026203472	81
refC	0.00140350453491	0.000963845898825	0.00174107015437	0.995083716915	0.000783810901778	81
refN	0.0	0.0	0.0	0.0	1.0	81
refA	0.994940101603	0.00108396255828	0.00127853196213	0.00162406846968	0.00104786172914	82
refT	0.000616437021844	0.993915721686	0.00367879317494	0.0011594721184	0.000592781425069	82
refG	0.000603602665065	0.00210658900626	0.99475378744	0.00169930117155	0.000809340607278	82
refC	0.00141443188285	0.00122565534416	0.00199022816902	0.99447507625	0.0008642512922	82
refN	0.0	0.0	0.0	0.0	1.0	82
refA	0.995301074912	0.00100955102252	0.00121289660762	0.00164781692964	0.000806683897613	83
refT	0.000630194137779	0.99435003332	0.00336817184652	0.00111570260776	0.000504155310223	83
refG	0.000511064042615	0.00186229033637	0.995317773968	0.0016423716283	0.000644678955079	83
refC	0.00163222346593	0.00113047206954	0.00176531845343	0.994737192725	0.000707241146956	83
refN	0.0	0.0	0.0	0.0	1.0	83
refA	0.995413360893	0.000938375648064	0.00124826683323	0.00171576258371	0.00066329283315	84
refT	0.000704167481347	0.993813604083	0.00383218711303	0.00121352001564	0.000398485118972	84
refG	0.000576284643154	0.00208281293241	0.99504554216	0.00170553305811	0.000565401569857	84
refC	0.00173597249945	0.0011288534043	0.00199046351741	0.994552432006	0.000562763362165	84
refN	0.0	0.0	0.0	0.0	1.0	84
refA	0.99487966206	0.00123969330262	0.0012681157704	0.0019019368017	0.000684507765492	85
refT	0.000746170922743	0.994064843044	0.00346714332156	0.00127894623965	0.000407878223193	85
refG	0.000633615900687	0.00189199686368	0.99530166236	0.00167020526656	0.000480548460423	85
refC	0.00186152999985	0.00138772616126	0.00208573088384	0.994077929581	0.000552218926089	85
refN	0.0	0.0	0.0	0.0	1.0	85
refA	0.994983578218	0.00106229068414	0.00134372377962	0.00202154823501	0.000563820201458	86
refT	0.000671538560069	0.993606294253	0.00403497678342	0.00133192424018	0.000314646401321	86
refG	0.000734939065409	0.00258966178799	0.994303464032	0.00186613320913	0.000473535191756	86
refC	0.00203944524415	0.00144504806428	0.00223887747508	0.993780833082	0.000457357155272	86
refN	0.0	0.0	0.0	0.0	1.0	86
refA	0.994547863887	0.00133156957913	0.00136998959255	0.0022439233156	0.000477089027439	87
refT	0.00084989944876	0.993283741783	0.00410201978344	0.00140380540314	0.000315726394	87
refG	0.000632352615429	0.00230842985633	0.994785442925	0.00182005744441	0.000426666610411	87
refC	0.00204568292894	0.00138790881695	0.0023721216942	0.993731409798	0.000423826330224	87
refN	0.0	0.0	0.0	0.0	1.0	87
refA	0.994358672798	0.00129239641684	0.0013519582122	0.00256777517786	0.000397551348413	88
refT	0.000832426429132	0.993480149751	0.00392505539764	0.0014678204638	0.000252314864854	88
refG	0.000711577560645	0.00210069843511	0.99500354146	0.00181585796933	0.000343484091084	88
refC	0.00217818023445	0.0014631881453	0.0022019764108	0.993781760797	0.000336466865485	88
refN	0.0	0.0	0.0	0.0	1.0	88
refA	0.993995477461	0.00145886347588	0.00130755278269	0.00282351463336	0.000378752552773	89
refT	0.000934705519581	0.993259473376	0.00388026683847	0.00164950057266	0.000230923197216	89
refG	0.000672678558267	0.00204294969548	0.994982282276	0.00194796499165	0.00032907268977	89
refC	0.00268128844106	0.00153819821862	0.00226784209906	0.993136911509	0.000328978809764	89
refN	0.0	0.0	0.0	0.0	1.0	89
refA	0.994256915661	0.00125543296066	0.00139226489098	0.00289204058435	0.000170551227431	90
refT	0.00103326263642	0.99302265438	0.004189888762	0.00161322295492	9.26252414308e-05	90
refG	0.000674587980625	0.00230095639167	0.994876129293	0.00198594142069	0.000136264699619	90
refC	0.00266208187772	0.00173703198101	0.00239659422013	0.99299482719	0.000160733654911	90
refN	0.0	0.0	0.0	0.0	1.0	90
refA	0.993993855505	0.0014206190137	0.00127931326351	0.00316496524776	0.000105388569546	91
refT	0.00109269183681	0.993128727747	0.00388716401704	0.00174780355997	9.67206660422e-05	91
refG	0.000668698206423	0.00194349958168	0.995370038999	0.00190940309779	8.7022369329e-05	91
refC	0.00294606577113	0.00184008834235	0.00226798953793	0.992806177828	8.8297072103e-05	91
refN	0.0	0.0	0.0	0.0	1.0	91
refA	0.993586924301	0.00137888083967	0.00139861351486	0.00355188153464	4.28343437105e-05	92
refT	0.00109571182469	0.993249406346	0.00374894162239	0.00183515348415	2.55217736943e-05	92
refG	0.000680333221963	0.00210560104008	0.995146596126	0.0020031472982	4.08805571061e-05	92
refC	0.00316819886541	0.00205120567568	0.00233891604273	0.992347457926	3.6104830375e-05	92
refN	0.0	0.0	0.0	0.0	1.0	92
refA	0.99316813833	0.0014485520386	0.00156520403764	0.00371416027296	5.75876957243e-05	93
refT	0.00116251907178	0.992307087846	0.00445512604559	0.00194437214565	7.21657911577e-05	93
refG	0.000831594194391	0.00265698207001	0.993963948423	0.00249581242119	1.54475701744e-05	93
refC	0.00351170882892	0.00236841319633	0.00263986298144	0.991365744691	4.035811469e-05	93
refN	0.0	0.0	0.0	0.0	1.0	93
refA	0.992369905151	0.00175627337699	0.00163928398673	0.00412280161417	5.39583718324e-05	94
refT	0.00151485342614	0.991111783312	0.00493104883419	0.00230145897683	6.25510411254e-05	94
refG	0.000909699271061	0.00268499739756	0.993687892281	0.0026250003205	5.28179396388e-05	94
refC	0.00380298387101	0.0024771060034	0.00286571569607	0.990707997957	6.06500676417e-05	94
refN	0.0	0.0	0.0	0.0	1.0	94
refA	0.991953249058	0.00197053321673	0.00175045897063	0.00424125542705	2.02699963514e-05	95
refT	0.00165440389578	0.99121379703	0.00479369607392	0.00224377030121	1.78077008032e-05	95
refG	0.000941960690926	0.00264223253261	0.993922018698	0.0024273020268	2.9767370522e-05	95
refC	0.00392540989786	0.002443464983	0.00311185927262	0.990416478749	1.1815050574e-05	95
refN	0.0	0.0	0.0	0.0	1.0	95
refA	0.991339857534	0.00190833266207	0.00199327763091	0.00456164246467	0.000122535558501	96
refT	0.00150205885654	0.990461758666	0.00524719227217	0.00259907977314	9.97919562158e-05	96
refG	0.00109964699887	0.00331957227239	0.992895533645	0.00253042597395	0.000104703724564	96
refC	0.0041842501718	0.00324982820291	0.00352789720367	0.988815194587	9.91137032404e-05	96
refN	0.0	0.0	0.0	0.0	1.0	96
refA	0.99109610486	0.00187540347994	0.00187348784819	0.00495047134119	0.00012595278734	97
refT	0.00161401766823	0.990128052089	0.00531343499567	0.00276739913554	8.05934255107e-05	97
refG	0.00100367399932	0.00315170005596	0.992893960665	0.00279258734061	0.000107938437236	97
refC	0.00460428940093	0.00294674521659	0.00341447363988	0.988787764713	0.00012240671822	97
refN	0.0	0.0	0.0	0.0	1.0	97
refA	0.990120473399	0.0022531919419	0.00191518914473	0.00548198286652	0.000132512460252	98
refT	0.00158338861828	0.990104851967	0.00544725955041	0.00267207678029	9.54685091047e-05	98
refG	0.00100312816938	0.00296156856429	0.992981022709	0.00290368610595	0.000101671796395	98
refC	0.00486977915269	0.00299608559365	0.00358549817048	0.988316227699	9.74753874647e-05	98
refN	0.0	0.0	0.0	0.0	1.0	98
refA	0.98961270803	0.00211199968397	0.00201126366911	0.00603329720334	0.00012394480259	99
refT	0.00165980868951	0.989294339912	0.00570239977551	0.0031564970749	7.35573813981e-05	99
refG	0.00124028085867	0.00370759933071	0.991600026914	0.00327872192496	0.000103399184522	99
refC	0.00523687325097	0.00352185118409	0.00379948455319	0.987178266349	0.000101208977181	99
refN	0.0	0.0	0.0	0.0	1.0	99
refA	0.988772807591	0.00189027549719	0.00217509175943	0.00692074650727	0.000116428269361	100
refT	0.00208768341107	0.988168646914	0.00611334857483	0.00340173130145	9.0245680594e-05	100
refG	0.00146009766015	0.00476921404061	0.989560187977	0.00401564787724	8.69888457035e-05	100
refC	0.00577806099266	0.00362071994717	0.00399964530824	0.986307006451	0.000109601957634	100
refN	0.0	0.0	0.0	0.0	1.0	100
