errmodel	readA	readT	readG	readC	readN	pos
refA	1.0	0.0	0.0	0.0	0.0	0
refT	0.0	1.0	0.0	0.0	0.0	0
refG	0.0	0.0	1.0	0.0	0.0	0
refC	0.0	0.0	0.0	1.0	0.0	0
refN	0.0	0.0	0.0	0.0	1.0	0
refA	0.99429326065	0.00515591620409	0.000339559111384	0.000178881956114	0.0	1
refT	0.000207812348551	0.999121454288	0.000387709605505	0.000282252592808	0.0	1
refG	0.000390988816553	0.00503033372938	0.994329619201	0.000217086327996	0.0	1
refC	0.000455372525664	0.00454599069145	0.000191430488496	0.994780100433	0.0	1
refN	0.0	0.0	0.0	0.0	1.0	1
refA	0.998972852301	0.000298892173108	0.00052999436881	0.000180259712648	1.69474943515e-05	2
refT	0.000243958955039	0.998470881348	0.000844787236503	0.000412190873849	2.58469524856e-05	2
refG	0.000621035401112	0.00158557773572	0.997261220542	0.000501645796177	2.30400991981e-05	2
refC	0.00042991759382	0.000457517241819	0.000550931435044	0.998542528198	1.69843987682e-05	2
refN	0.0	0.0	0.0	0.0	1.0	2
refA	0.999453071027	0.000145905001459	0.000271945002719	0.000104805001048	2.39750002398e-05	3
refT	0.000165251233131	0.999228095518	0.000343624152267	0.000221838504029	4.05952160793e-05	3
refG	0.000242834491273	0.000200470841705	0.999436094352	9.75876927546e-05	2.26948122685e-05	3
refC	0.000319245489459	0.000289753989278	0.000155567663455	0.999205310327	2.9491500181e-05	3
refN	0.0	0.0	0.0	0.0	1.0	3
refA	0.999614956191	9.34641340585e-05	0.000180304825546	9.71438243757e-05	1.39828232056e-05	4
refT	0.00014340236804	0.999399682337	0.000141242693822	0.000259592840939	5.57195948106e-05	4
refG	0.000184565626263	9.74096360835e-05	0.999596282872	0.000100339249199	2.12396950859e-05	4
refC	0.000222100868979	0.000229430930661	8.57617216849e-05	0.999438935665	2.34561973839e-05	4
refN	0.0	0.0	0.0	0.0	1.0	4
refA	0.981228267835	0.00023001628347	0.000232821360098	0.000180927442485	0.017782082012	5
refT	0.000206895231086	0.981364452652	0.000197736890877	0.000220632741399	0.0176693522806	5
refG	0.000259559844995	0.000127220881772	0.981418730218	8.33516121957e-05	0.01777217226	5
refC	0.000371695830994	0.00046930503031	9.29239577485e-05	0.981002465104	0.0177094322502	5
refN	0.0	0.0	0.0	0.0	1.0	5
refA	0.99177437205	0.000196910016419	0.000191181725032	7.80479701441e-05	0.00769237929595	6
refT	0.000105868510417	0.991665777076	0.000169746978727	0.00017957443539	0.00781014783175	6
refG	0.000215514747573	0.000106310966085	0.991665615358	7.08739773898e-05	0.00787279712107	6
refC	0.000320661222519	0.000303784316071	5.79685047575e-05	0.991553166582	0.00769366800483	6
refN	0.0	0.0	0.0	0.0	1.0	6
refA	0.987507479566	0.00387461925707	0.00389846084489	0.00448438592739	8.09169041192e-05	7
refT	0.00486656281038	0.986104441285	0.00452387107308	0.00425771098927	5.69735642662e-05	7
refG	0.00505068229541	0.00385381389391	0.986774409338	0.00407242333316	7.60380658256e-05	7
refC	0.00545138341856	0.00417725255782	0.00399370429457	0.98612428208	6.34771077077e-05	7
refN	0.0	0.0	0.0	0.0	1.0	7
refA	0.999523597015	0.000172111855495	0.000232351004918	6.02391494232e-05	1.14741236997e-05	8
refT	0.000101899327675	0.999234327093	0.000488021986675	0.000157901850736	1.72639356805e-05	8
refG	0.000243198880844	0.000379860487603	0.999217625198	0.000117558371405	4.11454299918e-05	8
refC	0.00022763538168	0.000246233043582	0.000203086467969	0.999306198137	1.63659424737e-05	8
refN	0.0	0.0	0.0	0.0	1.0	8
refA	0.990110884682	0.000306786647825	0.000210137870945	0.000432722932851	0.00884263089686	9
refT	0.000277588555145	0.99028812228	0.000247861877294	0.000432502228454	0.00866051170917	9
refG	0.00026155440816	0.000113265726611	0.990244632855	0.000186292313505	0.00910000693007	9
refC	0.000806784618578	0.000561082030193	0.000161356923716	0.989460553788	0.00890030122404	9
refN	0.0	0.0	0.0	0.0	1.0	9
refA	0.99942567684	0.00020018023396	0.000257579584199	5.30943989714e-05	6.31392852633e-05	10
refT	0.000136276075988	0.999185196983	0.000467734660809	0.000148584882851	6.1544034317e-05	10
refG	0.000216938595233	0.000164189827214	0.999513137121	5.34917084137e-05	5.20058276245e-05	10
refC	0.000283907240297	0.000221388806553	9.78229610348e-05	0.999342757006	5.36923019214e-05	10
refN	0.0	0.0	0.0	0.0	1.0	10
refA	0.99338014188	0.00188122016344	0.00239920589969	0.00228000416122	1.58935651289e-05	11
refT	0.00236930360512	0.992553224015	0.00311305036191	0.00187731939991	3.20580498618e-05	11
refG	0.00208486451695	0.00178145081826	0.994480268478	0.00160986006148	1.32559382921e-05	11
refC	0.002832361012	0.00216510089826	0.00258370178549	0.992334031902	2.64844146577e-05	11
refN	0.0	0.0	0.0	0.0	1.0	11
refA	0.999170048426	0.000159699120996	0.000207315831384	0.00012380344701	0.000338444926146	12
refT	8.61788026083e-05	0.998789103861	0.000594884744218	0.000183234541468	0.000345133554135	12
refG	0.000203427869765	0.000137332172007	0.999273889264	5.43453514896e-05	0.000330478488788	12
refC	0.00027603090679	0.000193655191151	0.0001596932733	0.998951139749	0.000418381924167	12
refN	0.0	0.0	0.0	0.0	1.0	12
refA	0.998995571416	0.000151486952645	0.000264741483908	0.000114697264146	0.000472495018965	13
refT	0.000150285607062	0.998541393339	0.000538881248178	0.000240456971298	0.000526858399613	13
refG	0.000236450988882	0.000166993510898	0.999109560978	8.27578461088e-05	0.000403444499781	13
refC	0.000343338476197	0.000219996292521	0.000130555176873	0.998820006167	0.000484713142867	13
refN	0.0	0.0	0.0	0.0	1.0	13
refA	0.998569317948	0.000203988550783	0.000379964589311	0.000132161596282	0.000712523388652	14
refT	0.000189451845612	0.998112073199	0.000898627615905	0.000303207529696	0.000493082258892	14
refG	0.000368239940066	0.00114057279611	0.997639348092	0.000284582996278	0.000561696622575	14
refC	0.000366884496769	0.000345089378149	0.000362525473045	0.998412251423	0.00051073227966	14
refN	0.0	0.0	0.0	0.0	1.0	14
refA	0.998587563393	0.000120457211773	0.00022047319973	0.000108046468742	0.000961467563063	15
refT	0.000116924482346	0.998522384319	0.000410076871538	0.000200201631643	0.000748232568684	15
refG	0.000198098702679	0.000106553090077	0.998688880808	8.47922477374e-05	0.000919958369257	15
refC	0.000357498257286	0.000252183139408	0.000100300112264	0.998447958164	0.000839655225528	15
refN	0.0	0.0	0.0	0.0	1.0	15
refA	0.997889093528	0.000130288986796	0.000275863273718	6.84199148536e-05	0.0016318877564	16
refT	0.000153402440709	0.997499064326	0.000712346692906	0.000258495825504	0.00137045163882	16
refG	0.000247729087661	0.000368225713381	0.997718092109	0.000160911643043	0.00149984619841	16
refC	0.000361470792444	0.000216882475467	0.000223324529193	0.99770207631	0.00149097754586	16
refN	0.0	0.0	0.0	0.0	1.0	16
refA	0.998515047756	0.000148994824769	0.000183544349353	0.00016914871411	0.000981062541837	17
refT	0.000191726292558	0.998833925742	0.00015076274547	0.000209885390752	0.000612341683281	17
refG	0.000222211913851	0.000115969180629	0.998727210208	0.000118961933678	0.00081402882919	17
refC	0.000441870556475	0.000212993160393	6.71469963271e-05	0.998445263513	0.000830312320174	17
refN	0.0	0.0	0.0	0.0	1.0	17
refA	0.999347132978	0.000103017010227	0.00016877254867	0.000125666140135	0.00025498536574	18
refT	0.000147142348451	0.999371517633	0.000157232109487	0.000166481057104	0.000157232109487	18
refG	0.000237897256724	7.60674613976e-05	0.999379889619	7.38301831212e-05	0.00023193118132	18
refC	0.000410057408037	0.000194312918094	8.57262873945e-05	0.999104072715	0.000205028704019	18
refN	0.0	0.0	0.0	0.0	1.0	18
refA	0.999395728162	0.000119326185404	0.000147702534372	0.000136060955308	0.00020081723885	19
refT	0.000147337580371	0.999385364061	0.000102587484327	0.000199686749328	0.000164646579784	19
refG	0.000230719480092	7.51698951268e-05	0.999448201704	6.32617929285e-05	0.000182342814912	19
refC	0.000408326724199	0.000189172346001	7.42412225816e-05	0.999129764415	0.000197738640914	19
refN	0.0	0.0	0.0	0.0	1.0	19
refA	0.968801696807	0.00362577347672	0.00270329483426	0.00587719791347	0.0180481505024	20
refT	0.00361823652405	0.971260990913	0.00258257262821	0.00372363030581	0.018011712309	20
refG	0.00292766738491	0.00214433259133	0.973316094959	0.0027925328518	0.0181258473752	20
refC	0.00671565051042	0.00429853335708	0.00330181362777	0.966951479876	0.0176752589461	20
refN	0.0	0.0	0.0	0.0	1.0	20
refA	0.999454626778	0.000103162025839	0.000254612659517	0.000135354431065	5.19468357061e-05	21
refT	0.000127488631201	0.999223842206	0.000335720062163	0.000263051542379	4.92956040645e-05	21
refG	0.000267414231367	0.000195705387202	0.999372901575	0.000119514740276	4.40710604767e-05	21
refC	0.000353098728414	0.000205974258241	0.000147842150515	0.999248023638	4.44961812229e-05	21
refN	0.0	0.0	0.0	0.0	1.0	21
refA	0.856463941344	0.0142003189927	0.0138242235876	0.0169540040392	0.0805409396878	22
refT	0.0171020430175	0.853083272055	0.0161981060123	0.0142622598596	0.0805347095546	22
refG	0.0159870832737	0.0120345349301	0.861201331403	0.0131816847446	0.0806783539454	22
refC	0.0215650757705	0.0154655935683	0.0152461877337	0.847689980313	0.0799011306954	22
refN	0.0	0.0	0.0	0.0	1.0	22
refA	0.922303407591	0.00723655507402	0.00673700590442	0.00837744684564	0.0497440446758	23
refT	0.00823164493551	0.921079400181	0.00740173355347	0.00656212076313	0.0509522373211	23
refG	0.00778792668436	0.00575939801025	0.924891460597	0.00609385346041	0.0502201769081	23
refC	0.0109640038994	0.00753545349201	0.00732576746924	0.917045532412	0.0507749186087	23
refN	0.0	0.0	0.0	0.0	1.0	23
refA	0.972698375672	0.00257518196945	0.00261425572965	0.00428705501069	0.0170995621527	24
refT	0.00293391103097	0.974638423549	0.00249941879044	0.00257038295397	0.016730563438	24
refG	0.00195295649976	0.00118948640603	0.977351672898	0.00174223875389	0.0172620588193	24
refC	0.00467385756169	0.00322177805379	0.00297814556817	0.970758385158	0.0175370549317	24
refN	0.0	0.0	0.0	0.0	1.0	24
refA	0.999211991722	8.01227188698e-05	0.000209047457415	0.000112900194771	0.000385317438928	25
refT	0.000125114523689	0.998986644003	0.000291933888608	0.000250229047378	0.000345052686384	25
refG	0.000182141170651	7.64543185447e-05	0.999271654769	7.57047664021e-05	0.000393514874862	25
refC	0.000338578590892	0.000223994133276	7.91002384835e-05	0.998984712974	0.000372584300894	25
refN	0.0	0.0	0.0	0.0	1.0	25
refA	0.99901072785	6.9404731523e-05	0.000203876398849	0.000135917599232	0.000579095728645	26
refT	0.000112234893441	0.998757854899	0.000369816123983	0.000237370349347	0.000521182723567	26
refG	0.000281094812239	0.000129392850078	0.999012963966	8.03128034969e-05	0.000495262288231	26
refC	0.00037302567316	0.000227059105402	9.95226598352e-05	0.998719311455	0.000579443041707	26
refN	0.0	0.0	0.0	0.0	1.0	26
refA	0.99911951821	9.34329568225e-05	0.000265205854365	0.000126493849237	0.000394574563812	27
refT	0.00014101473862	0.998933083827	0.000417025294089	0.000224419797437	0.00028331924619	27
refG	0.000222729716005	8.98343187886e-05	0.999283782579	0.000115077019936	0.000288063766033	27
refC	0.000366915038057	0.000239513983176	0.000125217036797	0.998957866468	0.000309402561853	27
refN	0.0	0.0	0.0	0.0	1.0	27
refA	0.998992489401	8.273559861e-05	0.000233098556084	0.000147485197522	0.000543177190875	28
refT	0.000123976274582	0.998776080445	0.000471630023586	0.000269626723043	0.00035719038551	28
refG	0.000198870740697	0.000130601680458	0.999118404185	0.000140248395492	0.000411098471441	28
refC	0.000372480232822	0.00017609474042	0.000122469181609	0.998899466201	0.000428279800774	28
refN	0.0	0.0	0.0	0.0	1.0	28
refA	0.999086374211	7.66630508455e-05	0.000200613590998	0.000156192010134	0.000479323187062	29
refT	0.000174969648341	0.999026857363	0.000217425518894	0.000234150558809	0.000345650824909	29
refG	0.000225958564385	0.0001066820763	0.99920221186	5.63044291583e-05	0.000408207111398	29
refC	0.000449895692741	0.00019468743916	7.3645810319e-05	0.99887435971	0.000406145706413	29
refN	0.0	0.0	0.0	0.0	1.0	29
refA	0.999018177454	8.95630191405e-05	0.000237630913687	0.000210906464428	0.000442759118815	30
refT	0.000126058819809	0.998881197921	0.000394729637787	0.000238535544555	0.000358227757303	30
refG	0.000206338261191	0.00010504493297	0.999170207366	0.000129805524313	0.00038791593104	30
refC	0.00043688721488	0.000209734892193	0.000126276371078	0.998832396174	0.000393343638646	30
refN	0.0	0.0	0.0	0.0	1.0	30
refA	0.915153328953	0.00800024713407	0.00610219999612	0.0094543150399	0.0546539871562	31
refT	0.00877203503674	0.915971521815	0.00651113060643	0.00760474352999	0.0546271006963	31
refG	0.00873431468641	0.00659478951126	0.916660453554	0.00722174828475	0.0543775184231	31
refC	0.0112374944635	0.00844733085947	0.00656402479469	0.912467736417	0.0542381997972	31
refN	0.0	0.0	0.0	0.0	1.0	31
refA	0.999225541149	0.00012669700196	0.000197244196233	0.000379371136551	7.05471942733e-05	32
refT	0.000241179969719	0.99916852959	0.000173334424698	0.000345355709815	7.09095373765e-05	32
refG	0.00026454805868	8.26238922524e-05	0.999477453126	8.11078575322e-05	9.39941526541e-05	32
refC	0.000802690897544	0.0002562407925	0.000134397187997	0.99874454435	6.05525792076e-05	32
refN	0.0	0.0	0.0	0.0	1.0	32
refA	0.998768163747	8.16326530612e-05	0.000271137026239	0.000214285714286	0.000663265306122	33
refT	0.000692315383619	0.997724664535	0.00057671854321	0.000231193680819	0.00076994245893	33
refG	0.000233169055135	0.000138538756785	0.998833552753	0.00012794016337	0.000665440258	33
refC	0.000507271131634	0.000226762711964	0.000169335791402	0.998395365438	0.000698694200176	33
refN	0.0	0.0	0.0	0.0	1.0	33
refA	0.999065863448	0.000102580215218	0.000207312462922	0.000279764223321	0.000343607853771	34
refT	0.000206675054828	0.998996048501	0.000326284544637	0.000255279617824	0.000214705373932	34
refG	0.000249461321813	8.66708519895e-05	0.999381616981	0.000128875788611	0.000152992895251	34
refC	0.000580010146543	0.000244941628302	0.000112658612424	0.998914392737	0.00014681961103	34
refN	0.0	0.0	0.0	0.0	1.0	34
refA	0.999206651525	0.000146667429814	0.000202472598231	0.00039063617892	5.29433649086e-05	35
refT	0.000260466739456	0.999243015055	0.000177032678199	0.000279525281368	3.93876532836e-05	35
refG	0.000248786882092	8.49332860313e-05	0.999463053735	0.000150324400055	5.26135400194e-05	35
refC	0.000787910119666	0.000289242097833	0.000119358131511	0.998752140863	4.97935763357e-05	35
refN	0.0	0.0	0.0	0.0	1.0	35
refA	0.999343926059	0.000109393914532	0.000183522685563	0.000361287796677	1.43939361226e-06	36
refT	0.000211279132302	0.99934234771	0.000199587796918	0.000246353138455	0.0	36
refG	0.000210272491971	8.69832250959e-05	0.99959593208	0.000106648997726	0.0	36
refC	0.000680365465898	0.000283909175204	0.000119082109293	0.998913285251	2.17833126755e-06	36
refN	0.0	0.0	0.0	0.0	1.0	36
refA	0.999185836143	0.000122385186497	0.000227492464312	0.000457144667209	6.47921575572e-06	37
refT	0.000265879821469	0.999211112651	0.000178531482685	0.000338741118698	5.11307348978e-06	37
refG	0.000237536318549	7.84246892987e-05	0.999536023442	0.000139505456926	8.29491906044e-06	37
refC	0.000822729746009	0.000297521190201	0.000126573807078	0.998745784686	5.81948538291e-06	37
refN	0.0	0.0	0.0	0.0	1.0	37
refA	0.999075199945	0.000141871274988	0.000200330795335	0.000571049704851	1.06938146976e-05	38
refT	0.000296435064369	0.999203141778	0.00016436003569	0.000322850070105	1.25785741599e-05	38
refG	0.000274336050388	0.000113492448243	0.999446512086	0.00014731470103	1.803853482e-05	38
refC	0.000992097153234	0.000357745070125	0.000107692330388	0.998532200362	8.11380571418e-06	38
refN	0.0	0.0	0.0	0.0	1.0	38
refA	0.998928730329	0.000173319697892	0.000212873985792	0.000614889384636	6.90402116082e-05	39
refT	0.000340021684244	0.999049048293	0.000220112680922	0.0003354097995	5.45040924188e-05	39
refG	0.000250117858567	9.85312776172e-05	0.99942970941	0.000170534903568	5.07815046181e-05	39
refC	0.000988783555061	0.000320094011173	0.000143969224203	0.998499595257	4.53101111706e-05	39
refN	0.0	0.0	0.0	0.0	1.0	39
refA	0.969695907969	0.00448106122865	0.00439321117453	0.0054360763332	0.0151024161599	40
refT	0.00481471660023	0.969771370709	0.00507219722503	0.00426553865631	0.0151892183196	40
refG	0.00506608898537	0.00387522812191	0.971258820436	0.00422717681022	0.0147697087473	40
refC	0.00613811522986	0.00450012074027	0.00459685842549	0.968969000497	0.0148619633241	40
refN	0.0	0.0	0.0	0.0	1.0	40
refA	0.99866653465	0.000179977278758	0.000246846307229	0.000903443257005	1.42274528662e-06	41
refT	0.000305413260741	0.998960684129	0.00025829716542	0.000474526388589	0.0	41
refG	0.000307977058729	0.000142665843382	0.99936930629	0.000179653284258	0.0	41
refC	0.00132658072528	0.000476359726808	0.000200572516551	0.997992464909	0.0	41
refN	0.0	0.0	0.0	0.0	1.0	41
refA	0.954474545718	0.00534981767227	0.0048358834227	0.00605909018501	0.0272983420755	42
refT	0.00593659140466	0.954325084156	0.00557101201983	0.0047145117468	0.0274577275335	42
refG	0.00619853699033	0.00466124513045	0.954992316826	0.00481163237761	0.0273978221192	42
refC	0.00767660096234	0.0056076571406	0.00510797940713	0.951844285865	0.0275510450434	42
refN	0.0	0.0	0.0	0.0	1.0	42
refA	0.998743934016	0.000164839164073	0.000271877582302	0.000815632746906	2.14076836458e-06	43
refT	0.000281335376881	0.999060198023	0.00025196753875	0.000405616662886	0.0	43
refG	0.000315437076059	0.000138147624552	0.999363348373	0.000182661859129	0.0	43
refC	0.00112323127661	0.000381971808724	0.000190254157602	0.998300194829	1.46349352002e-06	43
refN	0.0	0.0	0.0	0.0	1.0	43
refA	0.998928747832	0.000128868364881	0.000239937231851	0.000682076759979	1.92234577447e-05	44
refT	0.000289198643318	0.998998711352	0.000267508745069	0.000399774595175	4.38050886202e-05	44
refG	0.00030438172367	0.000133500755996	0.999337397499	0.000197581118874	2.67001511991e-05	44
refC	0.000968628391214	0.000413124066321	0.000179266335922	0.99840767861	2.87711403331e-05	44
refN	0.0	0.0	0.0	0.0	1.0	44
refA	0.998861893288	0.000133231575304	0.000275152166389	0.000728429156282	0.0	45
refT	0.000321501069386	0.998986286595	0.000303639898864	0.00038713048665	4.15376058638e-07	45
refG	0.000307150325049	0.000122561200263	0.999359132548	0.000207008856541	3.73662195923e-06	45
refC	0.00100163931299	0.000391116303166	0.000201795465986	0.998402902264	0.0	45
refN	0.0	0.0	0.0	0.0	1.0	45
refA	0.998227417384	0.000252880648237	0.000278025030874	0.00122776428363	1.07761639874e-05	46
refT	0.000490889039968	0.998753815934	0.000284511813822	0.00044205492267	2.71772478875e-05	46
refG	0.000415543915953	0.000204365860305	0.999080265405	0.000285355293833	1.3624390687e-05	46
refC	0.00142127907825	0.000492962881937	0.000241376795741	0.997826541336	1.31262305841e-05	46
refN	0.0	0.0	0.0	0.0	1.0	46
refA	0.998390972775	0.000195872612489	0.000264750893803	0.00113936157008	6.45733887325e-06	47
refT	0.00038483366305	0.998826361645	0.000262617257971	0.00052015978632	4.65183548742e-06	47
refG	0.000363587609843	0.000151494837435	0.999270019875	0.000211335298221	3.02989674869e-06	47
refC	0.00141636202536	0.000462096362495	0.000199508270791	0.997916233314	1.46697257935e-06	47
refN	0.0	0.0	0.0	0.0	1.0	47
refA	0.986504397238	0.00411542852188	0.00394058061067	0.00523243211999	2.74554571334e-05	48
refT	0.00436187186906	0.987142977266	0.00450207186796	0.00380742534774	2.24489424219e-05	48
refG	0.00454823456384	0.0036574530495	0.987521315122	0.00409105293266	2.81459573277e-05	48
refC	0.00612863287087	0.00438029841056	0.00417212869547	0.985070955255	2.83867793306e-05	48
refN	0.0	0.0	0.0	0.0	1.0	48
refA	0.99837352445	0.000195343161107	0.000283425168297	0.00114506609347	0.0	49
refT	0.000355620440689	0.998718807673	0.000389225721567	0.000533005277731	1.70153320904e-06	49
refG	0.000285430703514	0.000184959095877	0.999255804459	0.000272491178288	7.61148542705e-07	49
refC	0.00127335300977	0.000444871326439	0.00025306614799	0.99802335149	1.45859451291e-06	49
refN	0.0	0.0	0.0	0.0	1.0	49
refA	0.998287712891	0.000201437348342	0.00026929744796	0.00121005272373	2.85726735236e-05	50
refT	0.000401334395232	0.99874822008	0.000320151607815	0.00048626408053	4.2464842649e-05	50
refG	0.000338030565559	0.000250674351988	0.999034351978	0.000336511327062	3.95002009193e-05	50
refC	0.00148744037036	0.000514149753267	0.000237638402366	0.997723328131	3.22718818028e-05	50
refN	0.0	0.0	0.0	0.0	1.0	50
refA	0.998289502284	0.000180699808995	0.000271412564515	0.00122643645463	2.90280817663e-05	51
refT	0.000552986564675	0.998507460197	0.000344783791831	0.000567560758774	2.49843327413e-05	51
refG	0.000337323495481	0.000188151549702	0.999057605372	0.00038080074601	3.52315650836e-05	51
refC	0.00156068284837	0.000582223653277	0.00025288502112	0.997567429943	3.08754967647e-05	51
refN	0.0	0.0	0.0	0.0	1.0	51
refA	0.997778276951	0.000250074409749	0.000357455064079	0.00151990469787	8.93637660197e-05	52
refT	0.000539399081632	0.99823383859	0.00048381697486	0.000656879443674	8.29520835921e-05	52
refG	0.000460354510645	0.000442271845743	0.998552046715	0.000455080400049	8.81529914002e-05	52
refC	0.00168334362655	0.000633729365288	0.000366008047776	0.997213087383	9.60862810795e-05	52
refN	0.0	0.0	0.0	0.0	1.0	52
refA	0.997890169312	0.000242791324448	0.00030169336174	0.00147470588489	8.61981033544e-05	53
refT	0.000466828843035	0.998574331818	0.0003788511801	0.000531233543652	4.6724978879e-05	53
refG	0.000329204375588	0.000178753507107	0.999118863259	0.000343355694901	2.90474449048e-05	53
refC	0.00162730146922	0.000554241906297	0.00033357835106	0.997416227159	6.19924369227e-05	53
refN	0.0	0.0	0.0	0.0	1.0	53
refA	0.997681124586	0.000245580277303	0.000312753706095	0.00169883768299	5.63390047931e-05	54
refT	0.000476541213363	0.998400141325	0.000493102159092	0.00058625747882	4.14023643234e-05	54
refG	0.000375646697158	0.000190447626903	0.998952191092	0.000410137212267	7.04806178301e-05	54
refC	0.0018961549174	0.000650864154096	0.000287318410367	0.997102318586	5.49716346365e-05	54
refN	0.0	0.0	0.0	0.0	1.0	54
refA	0.997265691001	0.000273187212831	0.000349192054196	0.00202344964464	8.10240290023e-05	55
refT	0.000565177294764	0.998099072848	0.000460687181136	0.000761889451998	0.000109566556395	55
refG	0.000371758705224	0.000225468261383	0.998880455609	0.00041398687458	0.000107078572296	55
refC	0.00200388947352	0.00071275369029	0.000362949368928	0.996814626345	9.56667350696e-05	55
refN	0.0	0.0	0.0	0.0	1.0	55
refA	0.981677726057	0.00242070666041	0.00231915855235	0.00390030550248	0.0093524377267	56
refT	0.00246416486769	0.983040522649	0.00278427914975	0.00242798900927	0.00900021705515	56
refG	0.00275051222984	0.00214052860778	0.983063671989	0.0023848199729	0.0093784050902	56
refC	0.0045326193442	0.00278902005287	0.00238341157366	0.980413869159	0.00950483257753	56
refN	0.0	0.0	0.0	0.0	1.0	56
refA	0.996361850005	0.000304557706071	0.000401726117056	0.00247634420532	0.000442333811199	57
refT	0.00057803929575	0.997238305661	0.00072548972657	0.00101618972123	0.000434369645207	57
refG	0.000454412283482	0.000326608828752	0.998290795375	0.000563531022607	0.000361736094087	57
refC	0.00230026272934	0.000819049681403	0.000447089169615	0.996008202486	0.000409524840701	57
refN	0.0	0.0	0.0	0.0	1.0	57
refA	0.908453486075	0.0042002349453	0.00281535422385	0.0100090401936	0.0668440035876	58
refT	0.00417990146343	0.914123922091	0.00282668067048	0.00432180907563	0.0677562112197	58
refG	0.00405690961467	0.00296648816565	0.914660581301	0.00395456502042	0.067651281866	58
refC	0.00838488717018	0.00500080873613	0.00303238951106	0.908727141706	0.0672208116743	58
refN	0.0	0.0	0.0	0.0	1.0	58
refA	0.994335983434	0.000525635214953	0.000498846643392	0.00442663044659	0.000181003861898	59
refT	0.000798765240278	0.996951909921	0.000727086682982	0.00139107906703	0.000121896468694	59
refG	0.00057863374005	0.000240273668667	0.998383909158	0.000640222876638	0.000154353021327	59
refC	0.00346148531247	0.00121423830333	0.000558791258994	0.994584536053	0.000151779787916	59
refN	0.0	0.0	0.0	0.0	1.0	59
refA	0.987180245322	0.0004269521383	0.000491907249939	0.00323534842579	0.00850328096297	60
refT	0.000845005334461	0.988861364217	0.00082498546474	0.000970546600835	0.00837539591378	60
refG	0.000592394478304	0.00111159736083	0.988796494317	0.000727341483014	0.00864804448829	60
refC	0.00282958180071	0.00116287264783	0.000695774221265	0.986423750723	0.00870617484626	60
refN	0.0	0.0	0.0	0.0	1.0	60
refA	0.995933791852	0.000310415627169	0.000537671409645	0.00276291415036	0.000438739870271	61
refT	0.000673347868556	0.996700827102	0.00114852690238	0.00105050790885	0.000415941468171	61
refG	0.000446855807995	0.000569684638861	0.997762231636	0.00077992539844	0.000436306092461	61
refC	0.00256017241354	0.000908893926989	0.000738748983857	0.995353328897	0.000417364091273	61
refN	0.0	0.0	0.0	0.0	1.0	61
refA	0.987774385227	0.00277438204975	0.00263494045194	0.00653352522809	0.00013510662586	62
refT	0.00316183830952	0.990131257643	0.00335612706485	0.00316014884208	9.41878096477e-05	62
refG	0.00323903864671	0.00251591142969	0.991165427931	0.00290152916601	0.000100726660167	62
refC	0.00603315276953	0.0035594360101	0.00286580232608	0.987291594573	9.05374492826e-05	62
refN	0.0	0.0	0.0	0.0	1.0	62
refA	0.994679402112	0.000498452840058	0.000525259170119	0.00419555290229	7.31740361132e-05	63
refT	0.000886534438838	0.997037525514	0.000833550968847	0.00119108509312	4.25536530642e-05	63
refG	0.000552297077534	0.000385636389726	0.998269868994	0.000733157554886	5.60518008323e-05	63
refC	0.00329886856201	0.00127358138405	0.000659480935072	0.994675457509	6.44110125265e-05	63
refN	0.0	0.0	0.0	0.0	1.0	63
refA	0.993301564859	0.000572189013104	0.000652382170244	0.00538377844148	4.55150351333e-05	64
refT	0.00109324875611	0.995554121006	0.00104130993919	0.00222154565696	7.00962894994e-05	64
refG	0.000548602292369	0.00049724061235	0.997845621793	0.00105328662646	5.0617307844e-05	64
refC	0.00405496700485	0.00154167881789	0.000820665530436	0.993497447138	4.3231487764e-05	64
refN	0.0	0.0	0.0	0.0	1.0	64
refA	0.91364221121	0.0146256829631	0.0125181815481	0.0201821524779	0.0321669361437	65
refT	0.0144741071594	0.919612154293	0.0141951602073	0.0136322174894	0.0321049850303	65
refG	0.016883823146	0.0127634372556	0.917382846525	0.0142406972846	0.0324244794577	65
refC	0.020955433211	0.015408428186	0.0129672800236	0.911164822655	0.0322562091656	65
refN	0.0	0.0	0.0	0.0	1.0	65
refA	0.990926773154	0.000735343707916	0.000828893351231	0.007349811124	7.75954405789e-05	66
refT	0.000964258137031	0.994463492611	0.00165193307695	0.00281627267572	7.35593609331e-05	66
refG	0.000631968920939	0.00084587764121	0.997009118687	0.00145007595636	5.40400977525e-05	66
refC	0.0049684068552	0.00184207825717	0.00116989928311	0.991889864733	6.45057248831e-05	66
refN	0.0	0.0	0.0	0.0	1.0	66
refA	0.989569079202	0.000836843668497	0.000587524958971	0.0087724052607	0.000126466012079	67
refT	0.001310873143	0.994608346222	0.0011197393815	0.00285812631404	7.40009032339e-05	67
refG	0.000701947372179	0.000559126911173	0.997116306922	0.00150493262369	0.000109394395664	67
refC	0.00566988430902	0.00217098035561	0.000942796633306	0.991021412568	0.000115028469546	67
refN	0.0	0.0	0.0	0.0	1.0	67
refA	0.946731140993	0.0126521798125	0.0109466977305	0.0192611935343	0.0077147261846	68
refT	0.0124134035212	0.953716698048	0.0125187441218	0.0119366428748	0.00736712710162	68
refG	0.0149158433751	0.0118986614752	0.95052909763	0.0127691315066	0.00755526216663	68
refC	0.0195277855576	0.0143004889605	0.0113130455585	0.944226353375	0.00768595668207	68
refN	0.0	0.0	0.0	0.0	1.0	68
refA	0.985361854802	0.00117531547656	0.00116734477974	0.0119705374061	0.000113763581886	69
refT	0.00147878142674	0.991597607264	0.00192503092745	0.00487331449075	5.5253955192e-05	69
refG	0.000857236018638	0.0010886371525	0.99596809781	0.00197592526645	9.3912797835e-05	69
refC	0.00699687329036	0.00288034085845	0.00156734019543	0.988339897914	8.11567738733e-05	69
refN	0.0	0.0	0.0	0.0	1.0	69
refA	0.897131142347	0.0111352607733	0.00909754324673	0.0225032393747	0.0505378367585	70
refT	0.0108325013687	0.910231723016	0.0104829688792	0.010653441113	0.0504048178803	70
refG	0.0124200172403	0.00962034053272	0.908143782608	0.0109156018483	0.0511725326915	70
refC	0.018543345668	0.0124419026594	0.00985400428926	0.898628727325	0.05120171049	70
refN	0.0	0.0	0.0	0.0	1.0	70
refA	0.982360615659	0.0015722407824	0.00155852518328	0.0139769173686	0.000225946448526	71
refT	0.00162282163614	0.988468518753	0.00288749150675	0.00664551457755	0.000244194385586	71
refG	0.000990467505192	0.00157327307989	0.9943890085	0.00280154337787	0.000214399978258	71
refC	0.00798354493646	0.00338698086256	0.00222841308006	0.986008371137	0.000199625591114	71
refN	0.0	0.0	0.0	0.0	1.0	71
refA	0.865279365337	0.0245013220348	0.019938346466	0.0389907066472	0.0352954420684	72
refT	0.0217478595281	0.886927682833	0.0220910000009	0.0236626259922	0.0340842923506	72
refG	0.0234738146886	0.0244282916292	0.880644979327	0.022804402177	0.0359218788078	72
refC	0.0369570420399	0.0279902198639	0.0220976951499	0.860282942918	0.0355442910529	72
refN	0.0	0.0	0.0	0.0	1.0	72
refA	0.90378536639	0.0129761607262	0.0107621507403	0.0282501086598	0.0357814660441	73
refT	0.0122938231046	0.916274416246	0.0131851543588	0.0166513947029	0.0351268089953	73
refG	0.0137744165743	0.0121323979171	0.915995305068	0.013976534558	0.0376114213377	73
refC	0.0243354928653	0.0162881507851	0.0128499517783	0.90116143436	0.036474617831	73
refN	0.0	0.0	0.0	0.0	1.0	73
refA	0.982090531669	0.00137804119124	0.00116603485413	0.0147589581691	0.000291328436035	74
refT	0.00171704471586	0.990298607036	0.00236494577303	0.00527087823737	0.000255311505696	74
refG	0.00104689043695	0.00144712705867	0.994624309477	0.00261875663394	0.000234172860896	74
refC	0.0092211002739	0.00366960640524	0.00200645684635	0.984629168141	0.0002409824372	74
refN	0.0	0.0	0.0	0.0	1.0	74
refA	0.972306183951	0.00435313677173	0.00263269153692	0.0196305146022	0.000331193034981	75
refT	0.00491839842816	0.982002835591	0.00405900886291	0.00838532661486	0.00031625876522	75
refG	0.00452931668355	0.00388366570595	0.985399380418	0.00566220892215	0.000315317919292	75
refC	0.0136059930865	0.00648307440433	0.00347865167228	0.97551207728	0.000334878590095	75
refN	0.0	0.0	0.0	0.0	1.0	75
refA	0.839423060867	0.0190241456436	0.0163357009201	0.0334649138899	0.0695348206469	76
refT	0.0177875655719	0.856649180231	0.0184429624454	0.019261028222	0.0698862519454	76
refG	0.02050717781	0.0197612186085	0.849820610524	0.0190643944442	0.0712376148066	76
refC	0.0304635579742	0.0225177995539	0.018006580036	0.836229130874	0.0697363866743	76
refN	0.0	0.0	0.0	0.0	1.0	76
refA	0.967831305055	0.00282120984274	0.0024441916709	0.0254772885824	0.00042343139376	77
refT	0.00258560256375	0.981568960759	0.00443116093295	0.0107508001972	0.000329920112511	77
refG	0.00132683228947	0.00231103371043	0.990647748628	0.00522531237281	0.000402418805299	77
refC	0.0137645711326	0.00636764912735	0.00372041584708	0.975155862204	0.000389233344274	77
refN	0.0	0.0	0.0	0.0	1.0	77
refA	0.878976669338	0.0237388831821	0.0195333442788	0.0418832154756	0.0228024624451	78
refT	0.0221345547134	0.901488961085	0.0209655904547	0.0235295187288	0.0230472127346	78
refG	0.0249344800997	0.0193853651036	0.899318338341	0.0229820137122	0.0241702398451	78
refC	0.0378626675136	0.0268869748535	0.0209762555162	0.877357468648	0.0235186104327	78
refN	0.0	0.0	0.0	0.0	1.0	78
refA	0.967718218322	0.00258803916895	0.00205139126498	0.0261984313803	0.000434395675224	79
refT	0.00276687427841	0.982590475644	0.00382224467752	0.0102331176001	0.000289382648924	79
refG	0.00156919456873	0.00266747886031	0.990422579708	0.0048123992195	0.000437490838137	79
refC	0.0143865515067	0.00632805536831	0.00342178371518	0.974877217671	0.000370705303041	79
refN	0.0	0.0	0.0	0.0	1.0	79
refA	0.979470439201	0.00148656293188	0.0011335400391	0.0169443827828	0.000552090568632	80
refT	0.00229429891814	0.990051488776	0.00222879613108	0.00492249191317	0.000404926319998	80
refG	0.00137392577494	0.00190681055307	0.993208572862	0.00295829969921	0.000506578759468	80
refC	0.0115487980133	0.00411878184784	0.00213030459593	0.981356543121	0.000504355401958	80
refN	0.0	0.0	0.0	0.0	1.0	80
refA	0.977319996842	0.00166652358131	0.00105690781239	0.0188923173263	0.000561279370675	81
refT	0.00232991233175	0.989702259766	0.00226867773086	0.00516297610437	0.00043121149018	81
refG	0.00130684534117	0.00163149953583	0.993392478494	0.00311488494599	0.000510918928462	81
refC	0.0116823087905	0.00428717191798	0.00216344400644	0.981022605696	0.000491035355268	81
refN	0.0	0.0	0.0	0.0	1.0	81
refA	0.975504329071	0.00190459922279	0.00125265120781	0.0202893908984	0.000463338600162	82
refT	0.00263019778711	0.987825459985	0.00258482002581	0.00648516703725	0.000327918539213	82
refG	0.0014611248485	0.00202096004983	0.992159852485	0.00384230057747	0.000454772294912	82
refC	0.0127559656444	0.00497693430952	0.0024888280637	0.978946437455	0.000397721654031	82
refN	0.0	0.0	0.0	0.0	1.0	82
refA	0.959229671201	0.00546974769981	0.00415433765695	0.028988739465	0.000560398770958	83
refT	0.00545265052022	0.976391450084	0.00574861902445	0.011463931052	0.000398840747864	83
refG	0.00498236990417	0.0050507641195	0.981494703957	0.00764379697921	0.000492140984267	83
refC	0.0183360502149	0.00922893739957	0.00546035189901	0.965354821042	0.000459742776092	83
refN	0.0	0.0	0.0	0.0	1.0	83
refA	0.884661801	0.0150745702884	0.0123085940887	0.0400278317398	0.0359999684707	84
refT	0.0142723084798	0.909285126751	0.0138402149804	0.0190701245521	0.0359874594779	84
refG	0.0170140026748	0.0138853215478	0.907002558882	0.0170582869087	0.0371271636539	84
refC	0.0312484507261	0.0193335014632	0.0141890139325	0.887662621022	0.0362212158378	84
refN	0.0	0.0	0.0	0.0	1.0	84
refA	0.963707548604	0.00283000084319	0.00232762963693	0.0291283186436	0.000735488451485	85
refT	0.0033188272012	0.980990386503	0.00447681820102	0.0103370197699	0.000522324187489	85
refG	0.00181280022851	0.00344046662793	0.988195059816	0.00569758804625	0.000716354571332	85
refC	0.0171239057847	0.00733600961832	0.00410103315469	0.969943401177	0.00061861192218	85
refN	0.0	0.0	0.0	0.0	1.0	85
refA	0.963831055226	0.00321602002218	0.00211554039529	0.0288943525322	0.000680503572644	86
refT	0.00374936663217	0.981138990795	0.00397280769287	0.0103193028297	0.000470379747268	86
refG	0.00199556190644	0.00275179860175	0.989026446075	0.00550284472918	0.000604236881927	86
refC	0.0179044100198	0.0072486573518	0.00382549771996	0.969539025983	0.000581966345259	86
refN	0.0	0.0	0.0	0.0	1.0	86
refA	0.826408409217	0.0167681975783	0.0132127631348	0.0495724227941	0.0683614380936	87
refT	0.0147848127158	0.867618007927	0.0136815998598	0.0208755368837	0.0675638235044	87
refG	0.0143144217595	0.0117255565504	0.870878283302	0.0169188646676	0.071397045133	87
refC	0.0352484108969	0.0220046261156	0.0159467888786	0.833771039251	0.0693356164137	87
refN	0.0	0.0	0.0	0.0	1.0	87
refA	0.924716221951	0.00847452183613	0.00762021809368	0.0352220083489	0.0186961911756	88
refT	0.00808869064866	0.943747677465	0.00980275185053	0.0161030849168	0.0192619922006	88
refG	0.00821504559271	0.00902127659574	0.948492933089	0.0111816109422	0.0205661094225	88
refC	0.0256435599347	0.0137252274909	0.00967728473752	0.925906965552	0.0199358801182	88
refN	0.0	0.0	0.0	0.0	1.0	88
refA	0.947813216803	0.00586830433299	0.00495351415899	0.0380778744456	0.0006987092005	89
refT	0.00604044124928	0.97257323587	0.00709913298356	0.0130689660814	0.000486076847501	89
refG	0.00505650313839	0.0058758404092	0.97897186842	0.00896487100943	0.000697841475323	89
refC	0.0237413279699	0.011114837135	0.00722591380736	0.955361440942	0.000649025229829	89
refN	0.0	0.0	0.0	0.0	1.0	89
refA	0.958689258789	0.00326871410507	0.00205584913451	0.033600373895	0.00074692984594	90
refT	0.00435927073272	0.980051861872	0.00408366272024	0.0106155726159	0.000499486521072	90
refG	0.00239809767369	0.00381661693998	0.986680629097	0.00629023936111	0.000639343159028	90
refC	0.0210142555519	0.00808765411579	0.00426410912055	0.964774133536	0.000661209090863	90
refN	0.0	0.0	0.0	0.0	1.0	90
refA	0.957242868819	0.00341468812421	0.00217478890503	0.0347235620574	0.000690882059197	91
refT	0.00437161599356	0.980560270611	0.00402757934532	0.0101676719232	0.00050216529401	91
refG	0.00239446908853	0.00429547837732	0.986011704262	0.00645510816356	0.00065026705539	91
refC	0.0213641124428	0.00843052816551	0.00448853948993	0.963791818374	0.000659780465127	91
refN	0.0	0.0	0.0	0.0	1.0	91
refA	0.952853026023	0.00359695060658	0.00212582701724	0.0385092424319	0.000792198271839	92
refT	0.00493526349084	0.978323405567	0.0042451971084	0.011509276174	0.000526952099758	92
refG	0.00270798211727	0.00453720038698	0.984698100394	0.00713727710329	0.000688820778737	92
refC	0.0236826615371	0.00958509151298	0.00469213051207	0.959810332359	0.000676981320574	92
refN	0.0	0.0	0.0	0.0	1.0	92
refA	0.941910342677	0.00538753043904	0.00339116151064	0.0453941585856	0.000727655221106	93
refT	0.0064126638807	0.969606306958	0.0059144221715	0.0166756057091	0.000494473494588	93
refG	0.00300410202538	0.00548813509347	0.980924145033	0.00957756621063	0.000648974938158	93
refC	0.0272047719941	0.0115242034358	0.00589325619614	0.952633496251	0.000602151223287	93
refN	0.0	0.0	0.0	0.0	1.0	93
refA	0.835380343718	0.0138704808647	0.00825954874417	0.0615740981692	0.0576464456848	94
refT	0.0147104609374	0.883006337177	0.0103881772629	0.0231337321195	0.0565074028028	94
refG	0.013489121939	0.0135558630591	0.880374289593	0.0171643329522	0.0626350580722	94
refC	0.0392731767721	0.0210428764978	0.0115489027787	0.848305682363	0.0598490893484	94
refN	0.0	0.0	0.0	0.0	1.0	94
refA	0.896962636565	0.00676882919754	0.0046664704276	0.052694445134	0.029282651639	95
refT	0.00700857345663	0.932470986071	0.00774899463475	0.0180972210071	0.0304025210522	95
refG	0.0042011364127	0.00833258213843	0.943082941295	0.0106581300625	0.0306601147321	95
refC	0.0314219054346	0.0143691077469	0.00794847551502	0.909389698194	0.0293427100102	95
refN	0.0	0.0	0.0	0.0	1.0	95
refA	0.938763544849	0.00535449744608	0.00345618962306	0.0478363474019	0.00105589766448	96
refT	0.00624196672176	0.969708059575	0.00595557915047	0.0164365093715	0.000767262224582	96
refG	0.0035741956344	0.00643767005454	0.978611774896	0.0100133908418	0.000915091692188	96
refC	0.0302880892928	0.012667337357	0.00683557926017	0.946536139309	0.00095953493556	96
refN	0.0	0.0	0.0	0.0	1.0	96
refA	0.93286227165	0.00742029118069	0.00525723056783	0.0493773786878	0.000858935862787	97
refT	0.00802810153255	0.964009084625	0.00799421159942	0.018129843348	0.000588413963839	97
refG	0.00597434045499	0.00927768470707	0.970017478807	0.0130545407685	0.00080317192974	97
refC	0.0326464396988	0.0155630520591	0.00898075625045	0.938479006575	0.000765264700764	97
refN	0.0	0.0	0.0	0.0	1.0	97
refA	0.931949539866	0.00772405731135	0.00535432048132	0.0495089343385	0.00112733682382	98
refT	0.00871860946895	0.962118904538	0.00811774712411	0.018894952251	0.000767183736715	98
refG	0.00670845403328	0.00989337315534	0.968131953176	0.013322600599	0.00095941140259	98
refC	0.0344571734711	0.0154287056268	0.00944011037803	0.935821589094	0.000981953485641	98
refN	0.0	0.0	0.0	0.0	1.0	98
refA	0.922759701144	0.00575628909937	0.0036530434252	0.0529982018326	0.00929447951848	99
refT	0.00706638798119	0.956324133162	0.00693470573631	0.0188574007099	0.00898961974865	99
refG	0.00439881278233	0.00860025248858	0.963092908346	0.012558886071	0.0100354899135	99
refC	0.0335948014499	0.0145827701377	0.00793197468744	0.929945637087	0.0093584947343	99
refN	0.0	0.0	0.0	0.0	1.0	99
refA	0.935633723956	0.0057174220635	0.00366667735877	0.0496198958589	0.00146980729272	100
refT	0.00728322051952	0.965127989371	0.00664301264025	0.0187500454693	0.00102065226741	100
refG	0.00472593742536	0.00996312992596	0.970001952618	0.0130843981371	0.00135090757105	100
refC	0.0348644796033	0.0145892352296	0.00826079213332	0.937352746698	0.00123944328159	100
refN	0.0	0.0	0.0	0.0	1.0	100
