errmodel	readA	readT	readG	readC	readN	pos
refA	1.0	0.0	0.0	0.0	0.0	0
refT	0.0	1.0	0.0	0.0	0.0	0
refG	0.0	0.0	1.0	0.0	0.0	0
refC	0.0	0.0	0.0	1.0	0.0	0
refN	0.0	0.0	0.0	0.0	1.0	0
refA	0.997655068896	5.77735906903e-05	0.000676336168348	2.0028178106e-05	0.00158530732854	1
refT	5.84813187101e-05	0.998111070787	7.0701295754e-05	0.000188536788677	0.00156764848363	1
refG	0.000202373267633	0.000231431993242	0.997983625668	6.22686977332e-05	0.0015162427898	1
refC	0.000201352016765	0.000165089568248	7.15706220728e-05	0.997938341493	0.00161940460877	1
refN	0.0	0.0	0.0	0.0	1.0	1
refA	0.995304793539	0.00117139875801	0.00194745043519	0.00155441532559	0.0	2
refT	0.00201784539003	0.9950456478	0.00167311709495	0.00123896511761	0.0	2
refG	0.00125218031397	0.000635091453169	0.997473268788	0.000633091165128	0.0	2
refC	0.0025381926153	0.00154952136179	0.00193264477542	0.993943177	0.0	2
refN	0.0	0.0	0.0	0.0	1.0	2
refA	0.999406043756	2.94459542932e-05	0.000537388665851	2.67690493574e-05	0.0	3
refT	0.000149954804125	0.999651799351	5.90604116804e-05	0.000139064231758	0.0	3
refG	0.000192487588561	0.000180092554449	0.999598823312	2.84356664919e-05	0.0	3
refC	0.000131209685824	0.000197939183186	0.000205436879519	0.999465128317	0.0	3
refN	0.0	0.0	0.0	0.0	1.0	3
refA	0.999511923644	3.28418459854e-05	0.000437891279806	1.71051281174e-05	0.0	4
refT	0.000107406875366	0.9996927131	4.95044034609e-05	0.000150281224792	0.0	4
refG	0.000149591796824	0.000143754068167	0.999665678301	4.08641005957e-05	0.0	4
refC	8.98924747706e-05	0.000195919496295	0.00017363845554	0.999540338382	0.0	4
refN	0.0	0.0	0.0	0.0	1.0	4
refA	0.999744889824	2.7895559027e-05	0.000209880872679	1.72686793977e-05	0.0	5
refT	5.83699802346e-05	0.99977831413	2.83390483748e-05	0.000134927707934	0.0	5
refG	0.000152239819235	0.000174092424867	0.999627638683	4.58904718269e-05	0.0	5
refC	0.000111764524038	0.000205297955502	5.07299967263e-05	0.999632072203	0.0	5
refN	0.0	0.0	0.0	0.0	1.0	5
refA	0.999809304705	3.40462388779e-05	0.000138908654622	1.77040442165e-05	0.0	6
refT	4.81567142061e-05	0.999768794328	5.34101739377e-05	0.000129585340046	0.0	6
refG	0.000168591297231	0.000131126564513	0.999677122702	2.30552201341e-05	0.0	6
refC	7.67305561386e-05	0.000163240496883	3.98697987779e-05	0.999720080815	0.0	6
refN	0.0	0.0	0.0	0.0	1.0	6
refA	0.999788756462	2.95947536573e-05	0.000157390280814	2.4213889356e-05	0.0	7
refT	7.66254000647e-05	0.999778733089	2.12126813738e-05	0.00012337988146	0.0	7
refG	0.000181440638671	0.000172800608258	0.99961609132	2.95201039108e-05	0.0	7
refC	9.86295881059e-05	0.000183389390384	4.31504447963e-05	0.999674724807	0.0	7
refN	0.0	0.0	0.0	0.0	1.0	7
refA	0.999785132526	2.64291208251e-05	0.000157897055186	3.04951394136e-05	0.0	8
refT	7.65524843833e-05	0.999757950517	2.08392874155e-05	0.000144599137168	0.0	8
refG	0.000180341860997	0.000171580313094	0.999609959046	3.79667075782e-05	0.0	8
refC	8.83610386727e-05	0.000169925074371	4.45581306127e-05	0.999697064014	0.0	8
refN	0.0	0.0	0.0	0.0	1.0	8
refA	0.999763270849	3.18332271072e-05	0.000188231255938	1.66086402299e-05	0.0	9
refT	3.70916129119e-05	0.999778665831	5.01579765514e-05	0.000134035601204	0.0	9
refG	0.000178636277426	0.000157317544729	0.999634507493	2.94051485475e-05	0.0	9
refC	9.48566767897e-05	0.000188966450613	4.25734691103e-05	0.999673496834	0.0	9
refN	0.0	0.0	0.0	0.0	1.0	9
refA	0.999777328099	3.16110256567e-05	0.000163435728395	2.75755755729e-05	0.0	10
refT	7.5060987052e-05	0.999753757214	2.99350365029e-05	0.000141186142312	0.0	10
refG	0.000144583845552	0.000129326253811	0.99967730682	4.8678983176e-05	0.0	10
refC	0.000102916764771	0.000191765770328	6.0713487131e-05	0.999644477627	0.0	10
refN	0.0	0.0	0.0	0.0	1.0	10
refA	0.999779973665	2.57998811848e-05	0.000180599168293	1.35788848341e-05	0.0	11
refT	5.7823846986e-05	0.999733680484	7.76738243096e-05	0.000130750937588	0.0	11
refG	0.000165906323059	0.000158661505459	0.999635452828	3.98464968047e-05	0.0	11
refC	8.93011958174e-05	0.000197950984062	6.47433669676e-05	0.999647880509	0.0	11
refN	0.0	0.0	0.0	0.0	1.0	11
refA	0.999793748866	2.48277916783e-05	0.000159311663269	2.20691481585e-05	0.0	12
refT	3.96092399413e-05	0.999758026966	3.96092399413e-05	0.000162696017823	0.0	12
refG	0.000175355877842	0.000155710198581	0.99963605872	3.27427987671e-05	0.0	12
refC	8.65357678729e-05	0.000179671721431	5.28014854818e-05	0.999680889226	0.0	12
refN	0.0	0.0	0.0	0.0	1.0	12
refA	0.999785018202	3.04154137206e-05	0.000165595030257	1.8925146315e-05	0.0	13
refT	7.28531822932e-05	0.999713803799	0.000103319058525	0.000109942075097	0.0	13
refG	0.000158535308286	0.000170170927242	0.999626065967	4.50880234574e-05	0.0	13
refC	9.05241641115e-05	0.000178858227478	4.45320484742e-05	0.999685986987	0.0	13
refN	0.0	0.0	0.0	0.0	1.0	13
refA	0.999752245193	2.77470792815e-05	0.000184078184502	3.58681756566e-05	0.0	14
refT	3.73026017064e-05	0.99976669713	6.08847062334e-05	0.000135061144109	0.0	14
refG	0.000153641033975	0.000138867857631	0.999662318931	4.50581878483e-05	0.0	14
refC	7.19211685282e-05	0.000126228989662	6.01789369317e-05	0.999741604154	0.0	14
refN	0.0	0.0	0.0	0.0	1.0	14
refA	0.999777445362	2.54882024066e-05	0.000149484862763	4.75320531367e-05	0.0	15
refT	7.12748640443e-05	0.999716100354	6.35925433688e-05	0.000148951661985	0.0	15
refG	0.000152773165061	0.000142440680468	0.999668512611	3.61636960773e-05	0.0	15
refC	8.51408790468e-05	0.000136079866511	5.60328862103e-05	0.999722669477	0.0	15
refN	0.0	0.0	0.0	0.0	1.0	15
refA	0.999754529945	3.74931660184e-05	0.000164288236553	4.36284113668e-05	0.0	16
refT	7.88847698352e-05	0.999768958079	4.18394359347e-05	0.000110264346786	0.0	16
refG	0.000183575971814	0.000139517738579	0.999651083954	2.5700636054e-05	0.0	16
refC	8.8783577658e-05	0.000194305042907	3.49312436687e-05	0.999681878967	0.0	16
refN	0.0	0.0	0.0	0.0	1.0	16
refA	0.999766651042	3.7978177468e-05	0.000160050890758	3.5265450506e-05	0.0	17
refT	5.96155099828e-05	0.999686384138	8.14888265952e-05	0.000172413201533	0.0	17
refG	0.000190757365435	0.000123992287533	0.999646974291	3.81514730871e-05	0.0	17
refC	0.000123853621143	0.000156832396003	5.49646247675e-05	0.999664236659	0.0	17
refN	0.0	0.0	0.0	0.0	1.0	17
refA	0.999784831741	3.10272074134e-05	0.000154446543569	2.96482204173e-05	0.0	18
refT	5.68742677977e-05	0.999750897609	5.64434021325e-05	0.000135722684517	0.0	18
refG	0.000143269198438	0.000168122018575	0.999638041211	5.04366055726e-05	0.0	18
refC	0.000122338149885	0.000168667390078	3.98141907911e-05	0.999669070791	0.0	18
refN	0.0	0.0	0.0	0.0	1.0	18
refA	0.999680483975	4.63116199941e-05	0.000187970692917	2.99663423491e-05	5.51653120518e-05	19
refT	9.7002830997e-05	0.99943426723	0.00026522846133	0.000119287265145	8.38943403218e-05	19
refG	0.000141068645894	0.000199968441344	0.999527123814	6.83528490413e-05	6.32627432616e-05	19
refC	0.000176263986874	0.000168284958661	8.41424793307e-05	0.999529015614	4.20712396653e-05	19
refN	0.0	0.0	0.0	0.0	1.0	19
refA	0.950049058643	0.00606473063888	0.00593606842121	0.00798789220815	0.0275858566364	20
refT	0.00850034997845	0.947740377127	0.00639174618506	0.00725151857462	0.027520576244	20
refG	0.00833337581464	0.00534172084247	0.948979521544	0.00727377065775	0.0275948856391	20
refC	0.0105901462619	0.00671289551891	0.00618262339025	0.946069023543	0.027685595245	20
refN	0.0	0.0	0.0	0.0	1.0	20
refA	0.999710937198	4.2070967515e-05	0.000168973558052	7.79347431016e-05	0.0	21
refT	8.54947802148e-05	0.999692124033	5.39274767509e-05	0.000168358951808	0.0	21
refG	0.000157843114223	0.000158577268242	0.999640135074	4.33150871588e-05	0.0	21
refC	0.000221434574488	0.000190009865897	5.84645741221e-05	0.999529870067	0.0	21
refN	0.0	0.0	0.0	0.0	1.0	21
refA	0.999686935614	4.25850619714e-05	0.000168312387792	0.000102068958058	0.0	22
refT	0.000127518377258	0.99965496149	3.58645436038e-05	0.000181536578735	0.0	22
refG	0.000151517380367	0.000155930507951	0.999637256482	5.5164094794e-05	0.0	22
refC	0.000281538774799	0.000164659753407	4.41052910912e-05	0.999509455665	0.0	22
refN	0.0	0.0	0.0	0.0	1.0	22
refA	0.999657446783	2.70166402241e-05	0.000170204833412	0.00013981111316	5.40332804483e-06	23
refT	7.02822182474e-05	0.999653740221	6.36932602867e-05	0.00020952886315	2.63558318428e-06	23
refG	0.000156939461515	0.000141610490856	0.99963854366	5.18265198492e-05	1.09492647569e-05	23
refC	0.000191560537937	0.000173809754499	4.51165745722e-05	0.999581202039	8.13577574252e-06	23
refN	0.0	0.0	0.0	0.0	1.0	23
refA	0.999649114631	4.11049560245e-05	0.000191823128115	0.00011783420727	0.0	24
refT	0.000110787466101	0.999613603403	7.41456971571e-05	0.00020088310974	4.31079634634e-07	24
refG	0.000206641592206	0.000200800133769	0.999541235144	5.11127613231e-05	0.0	24
refC	0.000249272279816	0.000157085785801	4.9411960792e-05	0.999544022153	0.0	24
refN	0.0	0.0	0.0	0.0	1.0	24
refA	0.999465905142	4.66238898109e-05	0.000186495559243	0.000297311761113	3.37854273992e-06	25
refT	0.000161619119988	0.999533676674	7.63449434199e-05	0.000226802521973	1.33938497228e-06	25
refG	0.000165387838139	0.000158069792204	0.999609063575	6.51306088248e-05	2.19541378061e-06	25
refC	0.000358624854102	0.000164952704967	5.67024923323e-05	0.999416434014	2.94558401726e-06	25
refN	0.0	0.0	0.0	0.0	1.0	25
refA	0.999538341078	3.65904230666e-05	0.000172788108926	0.000216832136691	3.52352222123e-05	26
refT	9.54808644084e-05	0.999574973381	9.76707924912e-05	0.00018045007402	5.12443171366e-05	26
refG	0.000167911952545	0.000149580953359	0.999564999556	6.08589172979e-05	5.64594774932e-05	26
refC	0.00029401741385	0.000210860973569	4.90029023083e-05	0.999396752119	4.90029023083e-05	26
refN	0.0	0.0	0.0	0.0	1.0	26
refA	0.999354435851	5.24565683458e-05	0.000190069903487	0.00038899611072	1.36250826872e-05	27
refT	0.000221972472786	0.999330570036	0.000117334561552	0.000310411209479	1.92638832399e-05	27
refG	0.000218055267894	0.00016846410329	0.999528661881	7.5845310572e-05	8.75138198907e-06	27
refC	0.000457292009207	0.000212130643116	5.43171888946e-05	0.999263239469	1.24782731244e-05	27
refN	0.0	0.0	0.0	0.0	1.0	27
refA	0.990590944361	5.78381057617e-05	0.000170824172831	0.000298606034398	0.00879408222023	28
refT	0.000146877294958	0.990523845191	0.000101340869165	0.000295093896556	0.00884388818575	28
refG	0.000147696339251	0.000203265258969	0.990446797847	9.06650795403e-05	0.00902117541426	28
refC	0.000415432780202	0.000208081445268	5.3298054402e-05	0.990205482128	0.00902270351095	28
refN	0.0	0.0	0.0	0.0	1.0	28
refA	0.981926856684	0.00299134890593	0.0030593035257	0.00442916100939	0.00727248995146	29
refT	0.00332812072058	0.983344972616	0.00314302879306	0.00327290236511	0.00663812982056	29
refG	0.00312319741722	0.00225978539715	0.984907517076	0.00286146879471	0.00662363497192	29
refC	0.00507416715147	0.00349204286723	0.00324619714317	0.980640946911	0.00717899045262	29
refN	0.0	0.0	0.0	0.0	1.0	29
refA	0.999457593722	4.09141307861e-05	0.000169111740583	0.00026457804575	6.75083157971e-05	30
refT	0.000113283966601	0.999341732661	0.00018676545845	0.000297425086056	6.03597968762e-05	30
refG	0.000144782572588	0.000158746374005	0.999519120122	0.000108035726753	6.90840701688e-05	30
refC	0.000320689224989	0.000224555841754	7.04488915307e-05	0.999327348003	5.65058817486e-05	30
refN	0.0	0.0	0.0	0.0	1.0	30
refA	0.999409411432	3.35363624717e-05	0.000198535265833	0.000309205261989	4.89630892087e-05	31
refT	0.000164596200268	0.999378052029	0.000191215531848	0.000255989238692	9.76042157923e-06	31
refG	0.000143113017973	0.000203604087426	0.999501807148	9.73758678993e-05	5.38518057322e-05	31
refC	0.000412331268259	0.000223376619572	7.90972947993e-05	0.999278082587	6.59144123327e-06	31
refN	0.0	0.0	0.0	0.0	1.0	31
refA	0.998351481176	0.000227146721325	0.000252011894961	0.00107995497387	8.66920918667e-05	32
refT	0.000303515716437	0.99895822814	0.000234078307928	0.000452434938458	5.0658738283e-05	32
refG	0.000253225700213	0.000188821475881	0.999285188012	0.000221755454233	5.04987668055e-05	32
refC	0.000845487681889	0.000374948963222	0.000134122059967	0.998576727944	6.66905270552e-05	32
refN	0.0	0.0	0.0	0.0	1.0	32
refA	0.999356159577	4.97038197045e-05	0.000182474296997	0.000264860080343	0.000146387962143	33
refT	0.000114875123856	0.999277098266	0.000280088785133	0.000257716101835	6.96995133511e-05	33
refG	0.00018485895554	0.000182666952114	0.999461939139	9.71788185248e-05	7.30667808457e-05	33
refC	0.000450138811279	0.000260178754631	9.23930236615e-05	0.999082620391	0.000113828205151	33
refN	0.0	0.0	0.0	0.0	1.0	33
refA	0.999371372983	5.90015199596e-05	0.000201141545317	0.000302382789793	6.57062381368e-05	34
refT	0.000140528201014	0.999153030352	0.000334360202413	0.000317620165929	5.37443276607e-05	34
refG	0.00018940408922	0.000184999342959	0.999420440172	0.000135078885335	6.97418157979e-05	34
refC	0.000502662854622	0.000240597095364	0.00010586272196	0.999115301287	3.47940414834e-05	34
refN	0.0	0.0	0.0	0.0	1.0	34
refA	0.999123739999	7.51380829994e-05	0.0002140093614	0.000467600391523	0.000118745006169	35
refT	0.000165436547309	0.998833241293	0.000416830987345	0.000401280815797	0.000181850617277	35
refG	0.000193102496309	0.00022834553746	0.999281407031	0.000167404445469	0.000129224484222	35
refC	0.000467204138307	0.000276584849878	0.000101663620496	0.999099916052	5.3821916733e-05	35
refN	0.0	0.0	0.0	0.0	1.0	35
refA	0.999161685551	7.08801267119e-05	0.000214684999175	0.000464810061707	8.723707903e-05	36
refT	0.000135435838134	0.999237700584	0.000245854865403	0.000329531784505	5.08962703817e-05	36
refG	0.000166904523995	0.000179403981739	0.999429110789	0.000147052444048	7.72025331254e-05	36
refC	0.000518282927923	0.00027499222207	8.33086356405e-05	0.999087196024	3.53877390331e-05	36
refN	0.0	0.0	0.0	0.0	1.0	36
refA	0.999163785359	9.4408584168e-05	0.000188142821306	0.000473391614899	7.9572949513e-05	37
refT	0.000141391343845	0.999187223399	0.000236388652991	0.000387500651726	4.68358826487e-05	37
refG	0.000176693859925	0.000230948406126	0.999354394264	0.000154698773627	8.28481583881e-05	37
refC	0.000606365805701	0.000285435610976	9.53916938237e-05	0.998950330187	6.13760510649e-05	37
refN	0.0	0.0	0.0	0.0	1.0	37
refA	0.999167198659	8.33452638046e-05	0.000183494008215	0.000453693976355	0.000111575111222	38
refT	0.000115933101409	0.999132345084	0.000373321889986	0.000319248615075	5.8399136904e-05	38
refG	0.000183549132564	0.000183549132564	0.999376724151	0.000150377602583	0.00010541175083	38
refC	0.000575797557932	0.000328174773951	0.000132761613098	0.998895667042	6.63808065492e-05	38
refN	0.0	0.0	0.0	0.0	1.0	38
refA	0.998900387525	0.000107660009689	0.000248026857765	0.000519902451855	0.000222815336509	39
refT	0.000212939616409	0.998630944515	0.000508998519705	0.000490146722679	0.000155098875533	39
refG	0.000200099755613	0.000405349137291	0.998930678195	0.00026115960751	0.000201571077346	39
refC	0.000627734251234	0.000324279779073	0.000201559220479	0.998669130302	0.000175527586838	39
refN	0.0	0.0	0.0	0.0	1.0	39
refA	0.999015712322	0.000102023625181	0.000224854700235	0.000559116314316	9.73251687585e-05	40
refT	0.000249011227101	0.998871345772	0.000325257142656	0.000488326441819	6.47869918298e-05	40
refG	0.00021602096726	0.000186630359469	0.999266166218	0.000238798688297	9.18456493451e-05	40
refC	0.000713945915104	0.000358075860614	0.000116172455805	0.998715307789	9.48496632837e-05	40
refN	0.0	0.0	0.0	0.0	1.0	40
refA	0.999091588825	0.000120921989865	0.000270730899532	0.000397698988891	0.000118234834535	41
refT	0.000186868650154	0.998856957426	0.000525541352493	0.000348507894452	8.0819622149e-05	41
refG	0.000231809762439	0.000372815063796	0.999077817294	0.000200065113443	0.000116643128871	41
refC	0.000745106562893	0.000382602171156	0.000214376313799	0.998542651123	0.000113143054505	41
refN	0.0	0.0	0.0	0.0	1.0	41
refA	0.998835333803	0.00013016547371	0.000252834506526	0.000684902099889	9.54092477458e-05	42
refT	0.000308252074306	0.998676988914	0.000460033178667	0.000506079131676	4.68986558419e-05	42
refG	0.000240098876411	0.000223846029393	0.99919779612	0.000254135426109	8.34805324137e-05	42
refC	0.000720228045073	0.000381210116354	0.000170249178178	0.998650251271	7.62420232708e-05	42
refN	0.0	0.0	0.0	0.0	1.0	42
refA	0.998937678717	0.000139436729243	0.000221892102786	0.000583220934816	0.000116644186963	43
refT	0.000262788416846	0.998703180186	0.000426757894912	0.000456491026934	0.000149102912054	43
refG	0.000243926851601	0.000261720907645	0.999144412487	0.000249116784614	0.000100091565247	43
refC	0.000868257312089	0.000359738323679	0.000175427947967	0.99848324902	0.000111030346814	43
refN	0.0	0.0	0.0	0.0	1.0	43
refA	0.998744410379	0.000158091646263	0.000227089271539	0.000783759432746	8.50747418451e-05	44
refT	0.000254544921139	0.998751172261	0.000347734248199	0.000592787663804	5.22032804369e-05	44
refG	0.000259795751409	0.000206943320607	0.999164084542	0.000305204177873	6.32740368761e-05	44
refC	0.000934373353167	0.000379729330727	0.000198087150871	0.998413537415	7.17598735232e-05	44
refN	0.0	0.0	0.0	0.0	1.0	44
refA	0.998864929327	0.00014283351626	0.000248079265084	0.000652660325496	9.02106418487e-05	45
refT	0.000295559975744	0.998648196412	0.000441216687928	0.000543133920943	7.00680976979e-05	45
refG	0.000228881272639	0.000248816093159	0.999109524102	0.000330770355298	8.12159354525e-05	45
refC	0.000903038221929	0.000364188254111	0.000178377920381	0.998499376973	5.27701347794e-05	45
refN	0.0	0.0	0.0	0.0	1.0	45
refA	0.987394231254	0.00350426281366	0.0039501131774	0.00487140276763	0.000123062770082	46
refT	0.00447931869422	0.986406956905	0.00471583444424	0.00414100024661	7.45968042729e-05	46
refG	0.0043536372398	0.0029852667176	0.988703472512	0.00375007489055	8.13625715898e-05	46
refC	0.0061145879562	0.00381337504066	0.0041712262442	0.985609229093	8.74253457932e-05	46
refN	0.0	0.0	0.0	0.0	1.0	46
refA	0.998590199521	0.0002058407481	0.000267930416379	0.0007707217519	0.000163322823082	47
refT	0.000298702050972	0.998500787271	0.000477231641495	0.000585300400892	0.000135734361802	47
refG	0.000297910716748	0.000279475647642	0.998952529431	0.000330356438374	0.000138631719675	47
refC	0.00101806942711	0.000533274461822	0.000247618351503	0.998057801153	0.000139471782323	47
refN	0.0	0.0	0.0	0.0	1.0	47
refA	0.99846291046	0.000199767233674	0.000262492781449	0.000954519205267	0.000117951301794	48
refT	0.000434260983491	0.998367236132	0.000428632476227	0.000706161180532	6.10476557051e-05	48
refG	0.000286140922565	0.000282463018676	0.998962491376	0.000381030842902	8.67985317808e-05	48
refC	0.00111575121936	0.000461127746472	0.000226115695617	0.998125291995	6.82053901534e-05	48
refN	0.0	0.0	0.0	0.0	1.0	48
refA	0.998370322561	0.000220375267599	0.000277980960649	0.0010067599611	0.000121909722501	49
refT	0.000369217925685	0.99836436884	0.000607551413043	0.000563775874549	9.24150257104e-05	49
refG	0.000265207900093	0.000373802778404	0.998853639325	0.000399658701811	0.000106378656305	49
refC	0.00117639934659	0.000559029695776	0.000253298792141	0.997891633359	0.000115202949195	49
refN	0.0	0.0	0.0	0.0	1.0	49
refA	0.970537760612	0.0045011020288	0.00455298598931	0.00695042925555	0.012614540581	50
refT	0.00496524627211	0.971405075178	0.00521477119036	0.00471871736488	0.0129012514766	50
refG	0.00528980629223	0.00337768535613	0.973063637622	0.00454998878055	0.0130123458436	50
refC	0.00794322824645	0.00511645929049	0.00463323813527	0.968743611837	0.012616111461	50
refN	0.0	0.0	0.0	0.0	1.0	50
refA	0.997928840384	0.000270157881634	0.000297515641799	0.00132411559201	0.000175089665059	51
refT	0.000399837665051	0.997949044756	0.000563115425377	0.000977523809197	0.000106280536905	51
refG	0.000273641081471	0.000356027643634	0.998730225135	0.000493583778674	0.000144912078091	51
refC	0.00136244878659	0.00062997357403	0.000261865499894	0.997596296271	0.00014365193137	51
refN	0.0	0.0	0.0	0.0	1.0	51
refA	0.997786958904	0.000291898005972	0.000294600765286	0.00140678622322	0.000214869365507	52
refT	0.000565710912966	0.997791399844	0.000534623084158	0.000988242670716	0.000115156323615	52
refG	0.000313231025938	0.000327971309512	0.998650920518	0.000536546322078	0.000169513261096	52
refC	0.00153005952713	0.000634360446286	0.00030154457834	0.997341592984	0.000185394074091	52
refN	0.0	0.0	0.0	0.0	1.0	52
refA	0.997664421992	0.00029833819564	0.000333357577521	0.00147754853552	0.000220891485711	53
refT	0.000439604710211	0.998052791187	0.000518707622668	0.000858028859163	0.000127083367554	53
refG	0.000343003390457	0.00031881725395	0.998764983654	0.000430220064526	0.000141452252902	53
refC	0.00145772594752	0.00073111255084	0.000290945302283	0.997336172344	0.000176966730255	53
refN	0.0	0.0	0.0	0.0	1.0	53
refA	0.980232916521	0.00266416328558	0.00272829423279	0.0045846804812	0.00940678191589	54
refT	0.00284478255856	0.980644068324	0.00346079881155	0.00306481864617	0.00961799361005	54
refG	0.00303081017835	0.00234963026905	0.982035418068	0.00276949547177	0.00949761513629	54
refC	0.00455636367159	0.00298194070543	0.00284558509596	0.97971330263	0.00949944079298	54
refN	0.0	0.0	0.0	0.0	1.0	54
refA	0.997632335873	0.00033561687052	0.000330247000592	0.00149819371	0.000198013953607	55
refT	0.00067664016529	0.997433452592	0.00070150701856	0.00102303106873	0.00015879885246	55
refG	0.000421894164413	0.00042558850911	0.998400750707	0.000576317772753	0.000172895331826	55
refC	0.00152656028271	0.000772611194427	0.00034487572157	0.997179313468	0.000168705439556	55
refN	0.0	0.0	0.0	0.0	1.0	55
refA	0.997500504966	0.000338275160563	0.000399595956601	0.00159231913229	0.000163072886168	56
refT	0.000580248942201	0.997522255091	0.000670538416246	0.00112241369867	9.84198058306e-05	56
refG	0.000375329421208	0.000403185901689	0.998497895512	0.000576922372053	0.000144413859332	56
refC	0.00160682624113	0.000771965449492	0.000315225464827	0.997146615886	0.000151248322791	56
refN	0.0	0.0	0.0	0.0	1.0	56
refA	0.997340638974	0.000380367040512	0.000376262360219	0.00167539367305	0.000220284509073	57
refT	0.000633149400235	0.997322966061	0.000764042912607	0.00111536621617	0.000157328032786	57
refG	0.000388952011495	0.00043054725475	0.998410289919	0.000606414862199	0.000161272785254	57
refC	0.00167071372175	0.000861799275999	0.000417119787865	0.996860284921	0.000180255336899	57
refN	0.0	0.0	0.0	0.0	1.0	57
refA	0.997239449655	0.000383465756841	0.000322778132715	0.00185930874795	0.000187398048126	58
refT	0.000784027521614	0.997143539042	0.000695003598417	0.00125074204966	0.000118551660098	58
refG	0.00052336514271	0.000450167220653	0.998083673011	0.000776629953029	0.000162499386967	58
refC	0.00210954586437	0.000884308380534	0.000341681706181	0.996510084956	0.000142241943763	58
refN	0.0	0.0	0.0	0.0	1.0	58
refA	0.996434270018	0.000480489883731	0.000453496070038	0.00242471931495	0.000194355458588	59
refT	0.00071986581872	0.997030143762	0.000744217362736	0.0013867563487	0.000110222778178	59
refG	0.000453089831098	0.000450893919154	0.998178472983	0.00075612567936	0.000158105659963	59
refC	0.00202666376712	0.000974067160798	0.000422850860502	0.996410294883	0.000153283436932	59
refN	0.0	0.0	0.0	0.0	1.0	59
refA	0.996689430111	0.00041032575912	0.000413733780375	0.00226633413467	0.000209252505066	60
refT	0.000840623956454	0.996705561966	0.000786182731329	0.00153164171158	0.000125171950681	60
refG	0.000504259162901	0.000492566196804	0.998055192694	0.000771735762352	0.00017247124992	60
refC	0.0021635125403	0.000974178298535	0.000451976894642	0.996207743941	0.00018826145033	60
refN	0.0	0.0	0.0	0.0	1.0	60
refA	0.996110043995	0.000520975796361	0.000432028709177	0.002708539121	0.000213339254222	61
refT	0.000820957508644	0.996798585723	0.000788031405356	0.00144348036814	0.00013872864852	61
refG	0.000564304645153	0.000530505148178	0.997853543163	0.000858948086177	0.000188101548384	61
refC	0.00241695785078	0.00111283856872	0.000444097470127	0.995806189834	0.00020240168505	61
refN	0.0	0.0	0.0	0.0	1.0	61
refA	0.996098260815	0.000532038481872	0.00052665075041	0.00249384620047	0.000334039350644	62
refT	0.000783045001286	0.996668530385	0.000904017374603	0.00135427916843	0.000279066233029	62
refG	0.000530856492529	0.000579316421308	0.997658910381	0.000929549542935	0.000295899262087	62
refC	0.00217581734437	0.00114814148315	0.000539120838917	0.995827340923	0.00029224067544	62
refN	0.0	0.0	0.0	0.0	1.0	62
refA	0.996133023447	0.00048823436884	0.000474615557993	0.0026713297475	0.000217900973541	63
refT	0.000740984686316	0.99671743528	0.000970827158461	0.00144123236731	0.000118780531313	63
refG	0.000518447795167	0.00061891080498	0.997789337374	0.000888034342217	0.000180393433679	63
refC	0.00215986590024	0.00115008754398	0.000548549217926	0.995943753583	0.000181357088375	63
refN	0.0	0.0	0.0	0.0	1.0	63
refA	0.996112643287	0.000569277880452	0.000577371878752	0.0024943004762	0.000231353451416	64
refT	0.000952761714339	0.995915164083	0.00122573167579	0.0016584461163	0.000231278407857	64
refG	0.000714682123248	0.000922523352968	0.997045053427	0.00108004512707	0.000228989986428	64
refC	0.00262251334844	0.00119016044878	0.00059136561625	0.995358324787	0.00021619019388	64
refN	0.0	0.0	0.0	0.0	1.0	64
refA	0.989023423695	0.00278154676535	0.00290032926509	0.00492913436065	0.000246388842319	65
refT	0.00327128765186	0.98908755918	0.00372584900016	0.00362051854528	0.000176989698768	65
refG	0.00340594798763	0.00266287215347	0.990207567797	0.00340227303296	0.000226377207637	65
refC	0.00533812596281	0.00347986574684	0.00285325176933	0.987924964864	0.000259724795904	65
refN	0.0	0.0	0.0	0.0	1.0	65
refA	0.99388207518	0.000755144807714	0.000665782594697	0.0043992130668	0.000260582941777	66
refT	0.00117939841253	0.995068785065	0.00122311158043	0.00231379797574	0.000190709409002	66
refG	0.000655242747305	0.000700633864995	0.997157929128	0.00121457845562	0.000263561328525	66
refC	0.00307753960097	0.00148570877288	0.000732464814602	0.994421766677	0.000251576060942	66
refN	0.0	0.0	0.0	0.0	1.0	66
refA	0.987140570446	0.00321868888299	0.00315129589968	0.00607345565609	0.000252723687421	67
refT	0.00296992785083	0.988908188378	0.00372783744578	0.00411418012347	0.000158187553073	67
refG	0.00359065368764	0.00294872853125	0.989423195087	0.00369899237649	0.000227732345953	67
refC	0.00572430842606	0.0037299526074	0.00306394214971	0.9871217824	0.00019627460508	67
refN	0.0	0.0	0.0	0.0	1.0	67
refA	0.984713971167	0.00372111043389	0.00342682344873	0.00739227307672	0.000515677194176	68
refT	0.00382544941913	0.985853229167	0.0044996913499	0.00507859900895	0.000545691645828	68
refG	0.00433160774537	0.00402507442556	0.98646985287	0.00448852361146	0.000504320295206	68
refC	0.00682425813865	0.00455567541794	0.00356724267246	0.984267163419	0.000541972112129	68
refN	0.0	0.0	0.0	0.0	1.0	68
refA	0.975299410115	0.00347368982597	0.00283694928098	0.00971661968055	0.00807791898691	69
refT	0.00370367806384	0.978120288452	0.00381227890427	0.00579694844619	0.00809833438329	69
refG	0.00399709884464	0.00330749188419	0.979607698606	0.00454907569365	0.00813109959905	69
refC	0.0075839836003	0.00449730814039	0.00297229983716	0.976415009381	0.00798796416524	69
refN	0.0	0.0	0.0	0.0	1.0	69
refA	0.944835121316	0.0100021647676	0.00872810183389	0.0160259825733	0.017524564751	70
refT	0.00928384543671	0.949596586876	0.00994059612619	0.0111532630558	0.017607110067	70
refG	0.0112285336856	0.00849478937326	0.949740788072	0.0104447380009	0.0176860413915	70
refC	0.014298375792	0.0104866015143	0.0089607169161	0.945875444788	0.0175998084934	70
refN	0.0	0.0	0.0	0.0	1.0	70
refA	0.953521420517	0.00192006918194	0.00147146751523	0.0118494346876	0.0291732960399	71
refT	0.00187430771013	0.959115665306	0.00267999970497	0.00556261554435	0.029161537991	71
refG	0.00114932724281	0.00175156589403	0.962565653715	0.00285015508197	0.0303325327996	71
refC	0.00650079892474	0.00342715272449	0.00183451280475	0.956557967104	0.0298709291863	71
refN	0.0	0.0	0.0	0.0	1.0	71
refA	0.952861647053	0.00995407084325	0.00940336152965	0.0157227509032	0.00993617279055	72
refT	0.009991031812	0.955984997086	0.0113218381369	0.0110014506188	0.00984503805378	72
refG	0.0122239629443	0.00920178348065	0.955797899667	0.0110842489182	0.00982098667507	72
refC	0.0152891415123	0.011281459196	0.00971835207656	0.951523414584	0.00994630519815	72
refN	0.0	0.0	0.0	0.0	1.0	72
refA	0.988487092322	0.0014082331732	0.0012254596148	0.00826325327492	0.000484923204756	73
refT	0.00158094852462	0.990826491408	0.00242237088883	0.00478022234731	0.000306578534608	73
refG	0.0011874477434	0.00149283380475	0.994238036415	0.00262394819704	0.000424723818334	73
refC	0.00532600502793	0.00280312141805	0.00150302612233	0.989841239806	0.00042444506224	73
refN	0.0	0.0	0.0	0.0	1.0	73
refA	0.991396861241	0.00114035613888	0.000824938483448	0.00592756042641	0.000636901035015	74
refT	0.00133350222323	0.993628915773	0.00167506748316	0.00283735029221	0.000484830484044	74
refG	0.00093725753435	0.00118704550931	0.995563058596	0.00167483205627	0.000618206817075	74
refC	0.00406186092361	0.00225824016236	0.00118186187444	0.99188901786	0.000543760460146	74
refN	0.0	0.0	0.0	0.0	1.0	74
refA	0.990252048812	0.00121944764658	0.000923178235265	0.00697848506658	0.00053273502035	75
refT	0.00158345659054	0.992945556637	0.00181883527291	0.00324115135548	0.000361583578865	75
refG	0.00114522569913	0.00117146893603	0.995166951854	0.00198938315272	0.000503724352703	75
refC	0.00465030432139	0.00230676860471	0.00112875033734	0.991333055437	0.000506650802883	75
refN	0.0	0.0	0.0	0.0	1.0	75
refA	0.988565584632	0.00145387409746	0.00105412590523	0.00823682829707	0.000560319314825	76
refT	0.00177487201038	0.991736780724	0.00192233517891	0.00417945160529	0.000318839283302	76
refG	0.00125899503473	0.00169202517407	0.993815732144	0.00274616925063	0.000449068292644	76
refC	0.00533836649535	0.00281932018292	0.00138155564053	0.989902000774	0.000457806713857	76
refN	0.0	0.0	0.0	0.0	1.0	76
refA	0.965792297512	0.00543190284708	0.00477628199094	0.0132536277687	0.00961442769342	77
refT	0.00501913580783	0.971458001953	0.00589478343125	0.00719914257696	0.0096368969617	77
refG	0.00569054046901	0.00490239326193	0.972639771468	0.00639707914998	0.00964156947165	77
refC	0.00998500729625	0.0067055849489	0.00520038567489	0.96733061082	0.00974488688031	77
refN	0.0	0.0	0.0	0.0	1.0	77
refA	0.984682587996	0.0018877454256	0.00132692800532	0.0111721627907	0.000699492273296	78
refT	0.00205536383588	0.989585956497	0.00250986473543	0.00526500171647	0.000476478699336	78
refG	0.00139412596477	0.00169828551228	0.993139491083	0.00309462086844	0.000626730689919	78
refC	0.00659996680186	0.00331907967701	0.00167973782282	0.987601572817	0.000647804442381	78
refN	0.0	0.0	0.0	0.0	1.0	78
refA	0.985400335294	0.00189210411168	0.00124342075907	0.0105800654411	0.000673991327357	79
refT	0.00214319588642	0.990572471239	0.00247476455735	0.00425883512726	0.000462684968428	79
refG	0.00158650788785	0.00220545277148	0.99230337547	0.00321511584536	0.000630762447033	79
refC	0.00653616878595	0.00342139648566	0.00172650740347	0.987523944453	0.000638248903837	79
refN	0.0	0.0	0.0	0.0	1.0	79
refA	0.986595445768	0.00173036720672	0.00129509266519	0.00899723879	0.00120455019507	80
refT	0.00177355110375	0.990900905757	0.002364151064	0.00383780522723	0.00104153988542	80
refG	0.00141128869583	0.00285485218511	0.991506209078	0.00299935523765	0.00115675793832	80
refC	0.00586428865406	0.00332346503257	0.00168971029015	0.987764979088	0.00120967059116	80
refN	0.0	0.0	0.0	0.0	1.0	80
refA	0.986573214909	0.00160754430883	0.00137171708572	0.00949998547196	0.000769648157946	81
refT	0.00202480807882	0.990054327492	0.00285681852581	0.00447376109201	0.000492342511994	81
refG	0.0014627831525	0.00192049982955	0.993208932757	0.00275217764403	0.000609799104257	81
refC	0.00608602777538	0.00311626891628	0.00175958578677	0.988310416869	0.000592633181305	81
refN	0.0	0.0	0.0	0.0	1.0	81
refA	0.984887490819	0.0020357640693	0.00139460469369	0.0102392820078	0.00121787060673	82
refT	0.00217091802934	0.989389401314	0.00302129396286	0.0044995920943	0.000807391845165	82
refG	0.00201872266313	0.0070120192431	0.986339427155	0.00336600380141	0.00107973074902	82
refC	0.00726875622934	0.00402418176071	0.00218994108574	0.985259358488	0.00104363233925	82
refN	0.0	0.0	0.0	0.0	1.0	82
refA	0.977708457276	0.00236922967965	0.00178995101855	0.0164723599893	0.00117392457618	83
refT	0.0025770974433	0.987612631871	0.00326836593398	0.00551412227743	0.000876213130723	83
refG	0.00158432838807	0.0019087592701	0.992091963731	0.0033468755342	0.00100602670372	83
refC	0.00821470599961	0.00430041003395	0.00224876377054	0.983910108449	0.00107122660245	83
refN	0.0	0.0	0.0	0.0	1.0	83
refA	0.984270017855	0.00221147098315	0.00155702160629	0.0102163063364	0.0015015827128	84
refT	0.00232317043196	0.988803101827	0.0028450388702	0.00476396974655	0.00114073681328	84
refG	0.00177808179755	0.0034455306081	0.989677985889	0.00363859601678	0.00135435022644	84
refC	0.00774166192273	0.00385579219804	0.00228956001714	0.984511525657	0.00136522627103	84
refN	0.0	0.0	0.0	0.0	1.0	84
refA	0.981733821302	0.00203049753869	0.0016684812012	0.0129123613217	0.00132717059519	85
refT	0.00252828696213	0.987281587429	0.00356531615599	0.00560734275394	0.000857740148334	85
refG	0.00171845432236	0.00231940405576	0.991257014277	0.00353294419534	0.00109640586952	85
refC	0.00806092690411	0.00407950832152	0.00234170951383	0.984242741489	0.00103067427179	85
refN	0.0	0.0	0.0	0.0	1.0	85
refA	0.971771877808	0.00345544764148	0.0021920579489	0.0201841702817	0.00162149486193	86
refT	0.0034149552396	0.984481117445	0.00382350359839	0.0070317711076	0.00101149727927	86
refG	0.00236100961268	0.00615220408351	0.985613855014	0.00423799035301	0.00143091491678	86
refC	0.0104001516827	0.00588360712702	0.00318858307247	0.978723227915	0.0013611605203	86
refN	0.0	0.0	0.0	0.0	1.0	86
refA	0.974854046338	0.00278900054955	0.00194946136328	0.0180852422936	0.00170544071414	87
refT	0.00302473026745	0.985160594262	0.00388553505711	0.00668239249146	0.00102975993207	87
refG	0.00199072749713	0.00258626302917	0.989789523008	0.00402096226543	0.0015093240818	87
refC	0.00978735435922	0.00522599336836	0.00276648637136	0.980409467073	0.00143428401467	87
refN	0.0	0.0	0.0	0.0	1.0	87
refA	0.978596327748	0.00293670501697	0.00229742229219	0.0134069573938	0.00231407027981	88
refT	0.00264436713515	0.985577037455	0.00402540291641	0.00591531122201	0.00163281705635	88
refG	0.00237225266313	0.00606404353164	0.984478728862	0.00471461523432	0.00213313192758	88
refC	0.0100646094107	0.00544252900531	0.00307283295989	0.978929329968	0.00205588728693	88
refN	0.0	0.0	0.0	0.0	1.0	88
refA	0.976231022076	0.0029810975986	0.00253124579093	0.0157401687807	0.00196461829278	89
refT	0.00285973413717	0.98430202416	0.00485195278613	0.00656858191887	0.00117508916131	89
refG	0.00204590555468	0.00545355296817	0.986198347659	0.00456889638176	0.00154540505418	89
refC	0.00989116899068	0.00561452739517	0.00350546821929	0.978994326532	0.00156234836739	89
refN	0.0	0.0	0.0	0.0	1.0	89
refA	0.974380149176	0.00349164192034	0.00275570183836	0.0166835715634	0.00204895495151	90
refT	0.00310555633979	0.983508854189	0.00489982952016	0.0069473249867	0.00127088920982	90
refG	0.00272816828291	0.0077287179939	0.982880506424	0.00468091643738	0.0016935466843	90
refC	0.0114523133364	0.00671550806472	0.00403917625262	0.975402814018	0.00179969133415	90
refN	0.0	0.0	0.0	0.0	1.0	90
refA	0.971757869911	0.00363856600743	0.00255557239769	0.0193177073777	0.00195457410229	91
refT	0.0034326860535	0.981926639265	0.00485982272384	0.00818047187985	0.00127953250382	91
refG	0.00269850403179	0.00563500465472	0.984293135838	0.00537016088715	0.00176030405516	91
refC	0.0118744793278	0.00622914992912	0.00374550172587	0.975882644317	0.00170027529326	91
refN	0.0	0.0	0.0	0.0	1.0	91
refA	0.965759266474	0.0042383626642	0.00294687618344	0.0239833075372	0.00193857501956	92
refT	0.00398862363032	0.980055666471	0.00524660436833	0.00909254339881	0.00122656394539	92
refG	0.00294930622219	0.00706184138852	0.982430505612	0.00553257149554	0.00172241798259	92
refC	0.0135976245625	0.00772894900872	0.00434981174122	0.971850320086	0.00170258534125	92
refN	0.0	0.0	0.0	0.0	1.0	92
refA	0.961655551718	0.00455054430017	0.00303619512614	0.0271724129471	0.00216929496891	93
refT	0.00434647933876	0.978650207427	0.00545873159117	0.00971349662517	0.00138479947879	93
refG	0.00310519443294	0.00796710375837	0.980559470488	0.00617057868085	0.00182692558246	93
refC	0.0148768062825	0.00812721238531	0.00436638758228	0.969818927224	0.00192645580018	93
refN	0.0	0.0	0.0	0.0	1.0	93
refA	0.956767307208	0.00672913833667	0.00504234986715	0.0275644455951	0.00210514937553	94
refT	0.00585062350289	0.972496323945	0.00787040298718	0.0116884775257	0.00135796815556	94
refG	0.00518507797255	0.0149544660112	0.96899115522	0.00810600280601	0.00183066927436	94
refC	0.0181028342067	0.0110424406868	0.00697689540716	0.960617366821	0.00176823879574	94
refN	0.0	0.0	0.0	0.0	1.0	94
refA	0.961979076753	0.00479041517819	0.00341735353011	0.0263309850254	0.0020895284092	95
refT	0.00418788917524	0.978055432176	0.00585518958582	0.010150117462	0.00128014833492	95
refG	0.00283627607294	0.00623995303465	0.982606311437	0.0062982227023	0.00172186867911	95
refC	0.0152074373781	0.00831850968298	0.00486072674857	0.968882852914	0.00179141718044	95
refN	0.0	0.0	0.0	0.0	1.0	95
refA	0.957412539445	0.00498012354772	0.00332685804344	0.0304322814996	0.00210859108578	96
refT	0.004978272665	0.974886643866	0.00626071852364	0.011939998282	0.00131913650084	96
refG	0.00351665029973	0.00919867911184	0.977758342943	0.00721502085058	0.00182737884529	96
refC	0.016710123319	0.00935064744291	0.00519423287379	0.965751156162	0.00185969989203	96
refN	0.0	0.0	0.0	0.0	1.0	96
refA	0.952234133185	0.00568635461811	0.00365026849634	0.0341234682624	0.00212821067416	97
refT	0.00534707988969	0.973296034287	0.00644004621534	0.012862828078	0.00135945710251	97
refG	0.00321850553381	0.00502273105909	0.982520280368	0.00711214061901	0.00182605083405	97
refC	0.018041342149	0.00977350513165	0.00538172613883	0.963644503557	0.00188356709967	97
refN	0.0	0.0	0.0	0.0	1.0	97
refA	0.950136898974	0.0067765148287	0.00427310593148	0.0343493001108	0.00209593915118	98
refT	0.00599390448913	0.971844992326	0.00619450078342	0.013902195352	0.00129341001926	98
refG	0.00377699705187	0.00631504053407	0.979095903948	0.00857993460354	0.00180409028566	98
refC	0.0202086414564	0.0114317540262	0.00621310455889	0.958705910706	0.00180300979449	98
refN	0.0	0.0	0.0	0.0	1.0	98
refA	0.936192676208	0.00863022777642	0.00642077549943	0.0426030156276	0.00232613197967	99
refT	0.007617258966	0.964170864359	0.00907871485526	0.0163742887813	0.00151954995309	99
refG	0.00639152838156	0.00799900899798	0.972402534563	0.0104591280486	0.00200663420797	99
refC	0.0221266247293	0.0136821248993	0.00880434229572	0.951005098978	0.00209342778706	99
refN	0.0	0.0	0.0	0.0	1.0	99
refA	0.946963708834	0.00686160660122	0.0043897483211	0.0368212222499	0.00229253522798	100
refT	0.00563125726165	0.970212871296	0.00699388797137	0.0147908421957	0.00150953307306	100
refG	0.00365104968577	0.00728340185494	0.977391042164	0.00917400843833	0.00200063427729	100
refC	0.0212994406895	0.0122555347753	0.00666901206025	0.955965127032	0.00195360070333	100
refN	0.0	0.0	0.0	0.0	1.0	100
