errmodel	readA	readT	readG	readC	readN	pos
refA	1.0	0.0	0.0	0.0	0.0	0
refT	0.0	1.0	0.0	0.0	0.0	0
refG	0.0	0.0	1.0	0.0	0.0	0
refC	0.0	0.0	0.0	1.0	0.0	0
refN	0.0	0.0	0.0	0.0	1.0	0
refA	0.998548613954	0.0003105161039	0.000355320030716	0.000162414234705	0.000621032207801	1
refT	0.000370081454202	0.998227487394	0.000518234977535	0.000260629259414	0.000620430673222	1
refG	0.00046105331054	0.000656558387129	0.997946065516	0.000314039650585	0.000618073135832	1
refC	0.000565907696977	0.000466320588291	0.000217352816576	0.998112984928	0.000633879850524	1
refN	0.0	0.0	0.0	0.0	1.0	1
refA	0.998895542531	0.000158382802771	0.000258127697646	0.00011425324322	0.000572475245131	2
refT	0.000231012976946	0.998803618364	0.000364634871525	0.000249626972211	0.000349677196759	2
refG	0.000221815432674	0.000415232349747	0.998548035505	0.000203394773906	0.000609416794268	2
refC	0.000236163579713	0.000268647046068	0.000195778729651	0.998718335278	0.000579434805244	2
refN	0.0	0.0	0.0	0.0	1.0	2
refA	0.998997466601	0.00018588564653	0.000250663977897	0.000100265591159	0.000464714116325	3
refT	0.00018768902248	0.998930545177	0.000290964365987	0.000260971227304	0.000328687695052	3
refG	0.000235499070226	0.000391703516806	0.998697994398	0.000253981275737	0.000419128724984	3
refC	0.000221235834162	0.000278972990882	0.000128424703733	0.998944509505	0.000425744080862	3
refN	0.0	0.0	0.0	0.0	1.0	3
refA	0.999040865119	0.000194802117903	0.000260906139894	0.00011465830363	0.00038784926177	4
refT	0.000261184587572	0.998920921873	0.000364617587383	0.000221828005883	0.000230284792031	4
refG	0.000229511180756	0.000248166030423	0.998985957893	0.000209160435664	0.000326177219941	4
refC	0.000229698491101	0.00026186756725	0.000138270590466	0.999050958983	0.000318304542951	4
refN	0.0	0.0	0.0	0.0	1.0	4
refA	0.999157805364	0.000163622266311	0.000224624295911	9.40685503181e-05	0.000359170828487	5
refT	0.000155649051742	0.998956126872	0.000381756521967	0.000234434374228	0.000270944645625	5
refG	0.000215685145324	0.000270013897295	0.998998261914	0.000192867069496	0.000322169499187	5
refC	0.000206701109022	0.000457443647523	0.000136822040915	0.998893042511	0.000304766691995	5
refN	0.0	0.0	0.0	0.0	1.0	5
refA	0.999183408178	0.000201324609661	0.000203686188659	9.03303967098e-05	0.000320584349108	6
refT	0.000126255055199	0.998933190514	0.000494027036571	0.000234854390278	0.000210536134263	6
refG	0.000200046309063	0.000283491040191	0.999074621054	0.000175178673958	0.000265807388561	6
refC	0.000225041875225	0.000504573308617	0.000120421923547	0.998890452656	0.000258280505707	6
refN	0.0	0.0	0.0	0.0	1.0	6
refA	0.99919081241	0.000262290321429	0.000203157905214	0.000110653729353	0.000232431378587	7
refT	0.000144000416073	0.998717957481	0.000718051736131	0.000248018775314	0.000170330063256	7
refG	0.000198731040553	0.000346937240288	0.999086912962	0.000144276489893	0.000222309299602	7
refC	0.000210116309544	0.000672146259026	0.000146855485165	0.99876092672	0.000208421823177	7
refN	0.0	0.0	0.0	0.0	1.0	7
refA	0.999199408975	0.00021939821364	0.000239985177386	0.000100582022875	0.000239985177386	8
refT	0.000126005431531	0.998774855146	0.000683531976569	0.000215285661912	0.000198822640707	8
refG	0.000183062486664	0.00037470602739	0.999102188473	0.00012528338931	0.000213954281288	8
refC	0.000204265397274	0.000499191053064	0.000157816005565	0.998960805272	0.000176843467229	8
refN	0.0	0.0	0.0	0.0	1.0	8
refA	0.999199703316	0.000275806129414	0.000210023048219	8.99236614501e-05	0.000223903881866	9
refT	0.000155457035721	0.998700502096	0.000684902923771	0.000274279729008	0.000183171712171	9
refG	0.0001787192906	0.00033422828372	0.999182910696	9.98042791665e-05	0.000203670360392	9
refC	0.000183048791683	0.000594769478144	0.00015411706777	0.998863138851	0.000203634826006	9
refN	0.0	0.0	0.0	0.0	1.0	9
refA	0.999245187199	0.000207967290626	0.000239249278632	8.05221543094e-05	0.000226504765	10
refT	0.000132560344321	0.998788711666	0.000698374877298	0.000212432146722	0.000166455520971	10
refG	0.000224022700967	0.00033890613736	0.999121519495	0.000112585767665	0.000202194848052	10
refC	0.000176104688858	0.000639865911285	0.00015062330301	0.998825345551	0.000206682351875	10
refN	0.0	0.0	0.0	0.0	1.0	10
refA	0.999305735148	0.000182118085367	0.000222588771004	6.99564708868e-05	0.000219119855092	11
refT	0.000163179426338	0.998845213434	0.000637679601356	0.000187816320118	0.000164779224635	11
refG	0.000194494418705	0.000351363429029	0.999180832168	8.74067179298e-05	0.000185232779719	11
refC	0.000208518968389	0.000423874624267	0.000146988780996	0.999030530311	0.00018914835384	11
refN	0.0	0.0	0.0	0.0	1.0	11
refA	0.999302240787	0.000183367880475	0.000219566717721	8.60464164041e-05	0.000208291670054	12
refT	0.000123306967032	0.998900984013	0.000581933390331	0.000248501285601	0.000144067833931	12
refG	0.000158918426708	0.000300437025673	0.999280870338	9.97590123858e-05	0.000159498420966	12
refC	0.000188753114846	0.000365184067893	0.000145065450283	0.999137265102	0.000162988594719	12
refN	0.0	0.0	0.0	0.0	1.0	12
refA	0.999282789215	0.000169559965668	0.000282599942781	8.97327653366e-05	0.000174804088318	13
refT	0.000131886811807	0.998435103263	0.0010586766054	0.000222742171052	0.000149146073599	13
refG	0.000177655093483	0.000378763004587	0.999150873919	0.000114332485905	0.000177655093483	13
refC	0.000217259156279	0.000344503009956	0.000203923555893	0.999078439431	0.00015502635448	13
refN	0.0	0.0	0.0	0.0	1.0	13
refA	0.999365630918	0.000133069132029	0.000290543956395	6.39196704069e-05	0.000146434154023	14
refT	0.000150694993963	0.99848034057	0.00100915204116	0.000245903965044	0.000111602568751	14
refG	0.000183933826681	0.000363105612541	0.999229146139	9.46455613018e-05	0.000128575102146	14
refC	0.000181787765572	0.000307254781687	0.000219706685998	0.999174582729	0.000115987286009	14
refN	0.0	0.0	0.0	0.0	1.0	14
refA	0.999353211957	0.000112952118946	0.00034003910154	7.1556054411e-05	0.000121822704204	15
refT	0.000155457729037	0.997966320921	0.00151443861443	0.000273006708574	8.66485702827e-05	15
refG	0.000210049130136	0.000500201742102	0.999041400339	0.000134099162177	0.000113331592813	15
refC	0.000161687800655	0.000268929709253	0.000279928879366	0.999183194952	0.000105592033081	15
refN	0.0	0.0	0.0	0.0	1.0	15
refA	0.999371853039	0.000114190079049	0.000319146631188	6.96852277272e-05	0.00012473070173	16
refT	0.000166616478402	0.998050421422	0.00143373640182	0.000267100019326	7.83322172062e-05	16
refG	0.000174711769848	0.000371852753393	0.99923091327	0.000108604613689	0.000113326553415	16
refC	0.000188032513956	0.000241756089371	0.000253508121494	0.999208630354	0.000107447150832	16
refN	0.0	0.0	0.0	0.0	1.0	16
refA	0.999359516786	0.000123809790785	0.000315364561433	8.05931656995e-05	0.000120305740102	17
refT	0.000125620410192	0.99788165581	0.00159002280616	0.000313732191952	8.44908850277e-05	17
refG	0.000158906067092	0.000463770299514	0.999138812067	0.000143604001372	9.4166558277e-05	17
refC	0.000193439042522	0.000220430536827	0.000256981518699	0.999245919241	8.26614513102e-05	17
refN	0.0	0.0	0.0	0.0	1.0	17
refA	0.999362576392	0.000107369249447	0.000301713589228	0.000102570623773	0.000125364095723	18
refT	0.000158299512871	0.997854701256	0.001606246365	0.000293029279358	8.31311325136e-05	18
refG	0.000158302616499	0.000489137298172	0.999090861077	0.000154152360636	0.000106720865056	18
refC	0.000181792176058	0.000216185290447	0.000272415302861	0.99921544031	0.00011355186973	18
refN	0.0	0.0	0.0	0.0	1.0	18
refA	0.999392377789	0.000104252009502	0.000262691504168	7.36243004955e-05	0.000166685416322	19
refT	0.000121871538465	0.998595870421	0.000906698723348	0.000228110340321	0.0001454801611	19
refG	0.000179945063831	0.000271681763038	0.99927852348	0.00010055753567	0.000168772004312	19
refC	0.00017570089558	0.000195467246333	0.000144404173555	0.999313746821	0.000170210242594	19
refN	0.0	0.0	0.0	0.0	1.0	19
refA	0.999396428624	8.53317640135e-05	0.000216566132117	8.6508753862e-05	0.000214800647344	20
refT	0.0001435066607	0.998960021237	0.000466476908269	0.000235325240029	0.000193589522152	20
refG	0.000147661970357	0.000209866028736	0.999336825664	5.1158477919e-05	0.000254048350575	20
refC	0.000202551042312	0.000177782572464	9.1918543658e-05	0.999276237227	0.000250987161126	20
refN	0.0	0.0	0.0	0.0	1.0	20
refA	0.999320631381	9.8357607871e-05	0.000238697121541	8.81620021771e-05	0.000253690659326	21
refT	0.000135156027114	0.998895858032	0.000492809476223	0.000283062622824	0.000191896057365	21
refG	0.000177374572527	0.000211666989883	0.99929473465	7.8044811912e-05	0.000237681927187	21
refC	0.000232926210171	0.000228039646321	0.000115648677777	0.999188171871	0.000234555064788	21
refN	0.0	0.0	0.0	0.0	1.0	21
refA	0.999147946551	0.00010015624374	0.000226824434353	9.13189281161e-05	0.000433028465583	22
refT	0.000173688666798	0.998541813854	0.000620409424769	0.000283420946009	0.000378543898106	22
refG	0.00016522669454	0.000215614977273	0.999183160319	7.67542446269e-05	0.000358577081768	22
refC	0.000233365631285	0.000206758623442	9.64504034288e-05	0.999082880831	0.000379704174418	22
refN	0.0	0.0	0.0	0.0	1.0	22
refA	0.999320964278	0.00010024402599	0.000234298167254	0.000100837185907	0.000243195566011	23
refT	0.000199097509843	0.998721330738	0.00057683949481	0.000236488213939	0.000264611136677	23
refG	0.000144778319014	0.000232452838895	0.999292335345	0.000102671477229	0.000227261584429	23
refC	0.000259068514689	0.000209376493552	0.000100500716905	0.999193669608	0.000236735022043	23
refN	0.0	0.0	0.0	0.0	1.0	23
refA	0.998946527779	0.000106726958455	0.00021822383684	0.000128191598144	0.000599221191323	24
refT	0.000143523663988	0.998554614108	0.000517330240533	0.000277694100436	0.000504751762116	24
refG	0.000168827225266	0.000181137543775	0.999054142702	9.02756690658e-05	0.000504723058868	24
refC	0.000250562537462	0.000243465995006	0.000107539912592	0.998861073979	0.000536061899319	24
refN	0.0	0.0	0.0	0.0	1.0	24
refA	0.998916342469	0.000112573646865	0.000239367122807	0.000100131296422	0.000630412422443	25
refT	0.000176780216506	0.998289528052	0.000752805641077	0.000306551461582	0.000471413910683	25
refG	0.000167896351985	0.000198793944538	0.998922671634	0.000117177662323	0.000592301019504	25
refC	0.000267358276971	0.000240132383186	0.000122516522034	0.99880990283	0.000558675340473	25
refN	0.0	0.0	0.0	0.0	1.0	25
refA	0.99909766323	0.000107688487218	0.000220673129545	0.000108276948897	0.000464884726242	26
refT	0.000190661502329	0.998370628096	0.000788966284049	0.000311670570306	0.000335423013357	26
refG	0.000174941414968	0.000231317884243	0.999098908859	0.000100547723553	0.000393472883499	26
refC	0.000250906923986	0.000220644027452	0.000155166124044	0.998949600661	0.000422580082502	26
refN	0.0	0.0	0.0	0.0	1.0	26
refA	0.998981459978	0.00013248745491	0.000228467255578	0.000146619450101	0.000509929493121	27
refT	0.000190581361649	0.998356660669	0.000806257136924	0.000264854363286	0.000378950336014	27
refG	0.000174770339043	0.000225696795453	0.99905175385	0.000109376139335	0.000437504557339	27
refC	0.00027692248638	0.000210022400562	0.000120639499017	0.998958675272	0.000432657112384	27
refN	0.0	0.0	0.0	0.0	1.0	27
refA	0.999095272712	9.08599039933e-05	0.000203995139288	0.000118410971656	0.000490643481564	28
refT	0.000166217997343	0.998627389284	0.000580299231429	0.000282668179435	0.000341543830157	28
refG	0.000172090302365	0.000245430800353	0.999039299139	9.70173516688e-05	0.000445240346052	28
refC	0.000257598341002	0.00019009353466	0.000150130689305	0.998982613613	0.000418529799322	28
refN	0.0	0.0	0.0	0.0	1.0	28
refA	0.999127572716	9.67208106619e-05	0.000225878478558	0.000122080535409	0.00042698699341	29
refT	0.000180109443728	0.998620036746	0.000645766066035	0.000256063070353	0.000296123000008	29
refG	0.000147095834085	0.000251097185528	0.999147151699	8.44651859785e-05	0.000369463364518	29
refC	0.000252987014965	0.00021925541297	0.000132206117498	0.999004471708	0.000390089655334	29
refN	0.0	0.0	0.0	0.0	1.0	29
refA	0.999045619166	0.000105280313295	0.000244464456296	0.00014215816315	0.000461567927215	30
refT	0.000177789093846	0.998646408744	0.000603291387232	0.000239247052213	0.000331433989763	30
refG	0.000159615803596	0.000216122128226	0.99916452356	6.93221920726e-05	0.000389718878122	30
refC	0.000241751514057	0.000227689904738	0.00010329874538	0.999020678358	0.000405623345733	30
refN	0.0	0.0	0.0	0.0	1.0	30
refA	0.999143416979	0.000113561287903	0.000224756715642	0.000135445494426	0.000382086416591	31
refT	0.000203893958497	0.998657043965	0.000654253141551	0.000219258024444	0.000263749798747	31
refG	0.000156456282775	0.000211538269969	0.999186586596	9.6100488296e-05	0.000348657259366	31
refC	0.000277199292076	0.000202842085523	0.000123017437312	0.99909048473	0.000305629988699	31
refN	0.0	0.0	0.0	0.0	1.0	31
refA	0.999341084145	8.65331842908e-05	0.000264341097217	0.000155878270332	0.00015172941903	32
refT	0.000187600992674	0.99845328774	0.000970238810906	0.000278500442732	0.000107983389254	32
refG	0.000156334157987	0.00029326918688	0.999309713625	0.000111830273596	0.000128376589587	32
refC	0.000241908703655	0.000220466795831	0.0001786825652	0.999242912761	0.000115456426745	32
refN	0.0	0.0	0.0	0.0	1.0	32
refA	0.999337016176	0.000125427368252	0.000276060236344	0.00014283116576	0.000118225796869	33
refT	0.000232267063733	0.998289213383	0.00111730667197	0.000262895687522	9.53954011759e-05	33
refG	0.00017011836445	0.00029540824097	0.999324818221	9.3105321084e-05	0.000116094289253	33
refC	0.00022805953759	0.000235085068369	0.000209685072476	0.999219016198	0.000107544663461	33
refN	0.0	0.0	0.0	0.0	1.0	33
refA	0.999396270122	8.61114023798e-05	0.000287623799786	0.000164021718819	6.56086875275e-05	34
refT	0.000163747615863	0.998541669458	0.00100478595415	0.000249125750205	3.85475905048e-05	34
refG	0.000173835086897	0.000256973606718	0.999390915744	0.00013023096811	4.76738365404e-05	34
refC	0.000288559901673	0.000270118103445	0.000182248358951	0.999211262712	4.71893072284e-05	34
refN	0.0	0.0	0.0	0.0	1.0	34
refA	0.999382809373	0.00011850335009	0.000309886260485	0.00014516660386	4.32537227827e-05	35
refT	0.000146654096316	0.998405853132	0.0010973662575	0.000283150333146	6.44389211083e-05	35
refG	0.000165167679486	0.00026632573924	0.999393827448	0.000138878014239	3.5433896637e-05	35
refC	0.000255931980435	0.000261435893992	0.000215753411463	0.999222794217	4.34809171061e-05	35
refN	0.0	0.0	0.0	0.0	1.0	35
refA	0.999456300938	0.000122355780621	0.000250709393625	0.000142748410724	2.75900289635e-05	36
refT	0.000136378052648	0.998890937534	0.000673961306692	0.000269901680939	2.75927687916e-05	36
refG	0.000226522724771	0.000285919428953	0.999343876756	0.000127528217802	1.57226569893e-05	36
refC	0.000278181329029	0.000239440408932	0.0002001614205	0.999247753086	3.38983050847e-05	36
refN	0.0	0.0	0.0	0.0	1.0	36
refA	0.999455804485	0.00012304612268	0.000243120116793	0.00016287264548	1.48606428357e-05	37
refT	0.000115135877975	0.998893601091	0.000689853129595	0.000283510072786	1.6677063105e-05	37
refG	0.000172568529618	0.000274147329661	0.999374553149	0.00016910561598	9.23443636752e-06	37
refC	0.000258588422301	0.000248266615528	0.000211868665331	0.999268246406	1.24948187246e-05	37
refN	0.0	0.0	0.0	0.0	1.0	37
refA	0.999412421273	0.000124993514487	0.00027710826325	0.000175108838692	1.0023064841e-05	38
refT	0.000150924006124	0.99867346525	0.000841314323448	0.00029045752122	4.20815362988e-05	38
refG	0.000194025407482	0.000312178192934	0.999333498703	0.000150586883419	9.26688513348e-06	38
refC	0.000280691540789	0.000254428004808	0.000242390550817	0.999210924615	1.09431399918e-05	38
refN	0.0	0.0	0.0	0.0	1.0	38
refA	0.99939546822	0.000129421658148	0.000284489082657	0.000187870148924	2.38565268475e-06	39
refT	0.000143004862165	0.998663714207	0.00088222999582	0.000292609948738	1.66577092193e-05	39
refG	0.000189876329935	0.000378005331681	0.999270832848	0.000159006865252	1.74732818959e-06	39
refC	0.000289363212685	0.000243108126642	0.000273765567391	0.999189880231	3.22709902622e-06	39
refN	0.0	0.0	0.0	0.0	1.0	39
refA	0.999343867995	0.000137267308347	0.000319897632758	0.000188521625198	1.00152113386e-05	40
refT	0.000159349102728	0.998302701114	0.00117905354422	0.000335574281509	2.04460152177e-05	40
refG	0.000195438341523	0.000374638482563	0.999228670923	0.000190798855671	9.85890743588e-06	40
refC	0.000289922515955	0.000295222744766	0.000345044895588	0.999056730398	1.2190526265e-05	40
refN	0.0	0.0	0.0	0.0	1.0	40
refA	0.999258280915	0.000160792082926	0.000346231127469	0.000225343649065	8.80248629159e-06	41
refT	0.000182473427307	0.998026922227	0.00140783317874	0.000367481207771	1.14045892067e-05	41
refG	0.00016788560401	0.000524284394775	0.999028414572	0.000273315471375	5.15689568631e-06	41
refC	0.000328837404355	0.000277575852101	0.000419908459956	0.99896169461	1.09067132456e-05	41
refN	0.0	0.0	0.0	0.0	1.0	41
refA	0.999304691393	0.000139561514421	0.000316100865997	0.000215306438915	2.38566691319e-05	42
refT	0.000177804799009	0.998354674162	0.00105472022351	0.000363575762848	4.65224026081e-05	42
refG	0.000192510858082	0.000471299448292	0.999094732353	0.000199553938256	4.10846343468e-05	42
refC	0.000334111135462	0.000314773513474	0.000344854258789	0.99897620758	2.90064329822e-05	42
refN	0.0	0.0	0.0	0.0	1.0	42
refA	0.999280187781	0.000155050507994	0.000283287770245	0.00021567175924	6.52844244187e-05	43
refT	0.000163171591374	0.998567134912	0.000896476332057	0.000303447564196	6.77194351554e-05	43
refG	0.000182554231146	0.000387854836142	0.999181627837	0.000193635797893	5.36581126692e-05	43
refC	0.000386962572392	0.000314032917398	0.000292807122288	0.998963216242	4.19073390636e-05	43
refN	0.0	0.0	0.0	0.0	1.0	43
refA	0.999228719592	0.000148502327613	0.000278221752128	0.000244177740264	9.97841727041e-05	44
refT	0.000165943419128	0.998646314542	0.000715306886749	0.000335776137142	0.000134829028042	44
refG	0.000165845006494	0.00032528897765	0.999247020841	0.000168754568012	9.25240562546e-05	44
refC	0.000403717924802	0.000286650667475	0.000212799827572	0.99898530027	0.000110502738225	44
refN	0.0	0.0	0.0	0.0	1.0	44
refA	0.998998108607	0.000185527643018	0.000270185887891	0.000327825543974	0.000217349536481	45
refT	0.000216174653793	0.998560385006	0.000682690413309	0.000311329818978	0.000227350596013	45
refG	0.000207562639645	0.000308181647783	0.999117223917	0.000160990413021	0.000205262776602	45
refC	0.000414047809736	0.00032753847761	0.000248646319382	0.998789036944	0.00021926579149	45
refN	0.0	0.0	0.0	0.0	1.0	45
refA	0.999172628117	0.000160711924172	0.000241364402724	0.000273981213903	0.000150630364354	46
refT	0.000177311309859	0.998734121136	0.000621402939138	0.000319485699599	0.000146078491975	46
refG	0.000212150636277	0.000256445824071	0.999236491172	0.000146290686004	0.000148039180259	46
refC	0.000456235031481	0.00030072499106	0.000225950128418	0.998895581458	0.000120289996424	46
refN	0.0	0.0	0.0	0.0	1.0	46
refA	0.999051864498	0.000168661705004	0.000279717123439	0.000302284534672	0.000196574029423	47
refT	0.000255141357378	0.998551564404	0.00067217443898	0.000353895309155	0.000165129558709	47
refG	0.000214452203526	0.000333397004935	0.999108584914	0.000172264884799	0.000170507079852	47
refC	0.000446346579672	0.000369503029325	0.000240340465977	0.99876243364	0.000179846607194	47
refN	0.0	0.0	0.0	0.0	1.0	47
refA	0.998975498439	0.000158977170878	0.000287958649138	0.000349749775932	0.000226767436196	48
refT	0.000219448053907	0.998624685844	0.000626062798664	0.000362594704226	0.000165319707772	48
refG	0.000195010320275	0.000324821406964	0.99908578833	0.000203233647034	0.000190311276413	48
refC	0.000440039405234	0.000316764054194	0.000258878237184	0.998790440293	0.00019241674358	48
refN	0.0	0.0	0.0	0.0	1.0	48
refA	0.998979081383	0.000159191841914	0.000292726390625	0.000334711052229	0.00023324812002	49
refT	0.000270150043672	0.998567975324	0.000644528649867	0.000336713455875	0.000178584764447	49
refG	0.000225787804385	0.000306764058837	0.999051620144	0.000211602183167	0.000203327237457	49
refC	0.000502627543773	0.000347013622454	0.000252127085064	0.998716029758	0.000180555525433	49
refN	0.0	0.0	0.0	0.0	1.0	49
refA	0.998981888614	0.000165968829754	0.000291774383981	0.00034434102401	0.000214991651354	50
refT	0.000231119256601	0.998571948406	0.000683376911217	0.000356815694401	0.000154703308062	50
refG	0.000247138489348	0.000312453661533	0.998985704441	0.0002436079395	0.000210067715946	50
refC	0.000490230522733	0.000355144778691	0.000309389929902	0.998648953798	0.000194458107351	50
refN	0.0	0.0	0.0	0.0	1.0	50
refA	0.998979787832	0.000185901827098	0.000292302229746	0.000358653042633	0.000182315296672	51
refT	0.000250767186925	0.998394848875	0.000839250987396	0.000380561258549	0.000131999310705	51
refG	0.000210115825621	0.00038065304697	0.999013637208	0.000222338629882	0.000172283336244	51
refC	0.000538330719384	0.000380030044601	0.000312264344779	0.998611316953	0.000156132172389	51
refN	0.0	0.0	0.0	0.0	1.0	51
refA	0.998851811096	0.000243275895482	0.000300413333404	0.00042882530729	0.000174357542525	52
refT	0.000271482812652	0.998267713735	0.000894828010312	0.00043643848122	0.000126541334792	52
refG	0.000235933349997	0.000356819992198	0.998985743707	0.000261629061382	0.000158846215839	52
refC	0.00055461513963	0.000415552346507	0.000293395226274	0.998598138752	0.000136336071689	52
refN	0.0	0.0	0.0	0.0	1.0	52
refA	0.99881865178	0.000194882007533	0.00030742784775	0.000447813974758	0.000229830452653	53
refT	0.000243064685826	0.998411879383	0.000777806994644	0.000363965691893	0.000200765117124	53
refG	0.000203969381675	0.0003437686208	0.999017002304	0.000207407067883	0.000226887289728	53
refC	0.000565560285929	0.000403736537773	0.000327487381862	0.998494146344	0.000206805264593	53
refN	0.0	0.0	0.0	0.0	1.0	53
refA	0.998835372523	0.000199231264678	0.000351479634104	0.00042998269959	0.000182579099272	54
refT	0.000275656596075	0.998415299358	0.000780397669254	0.00039491898182	0.000131220091967	54
refG	0.000234618978187	0.000377404770467	0.998987032474	0.000244098532861	0.000155820179957	54
refC	0.000604195381682	0.000420778926528	0.000308571212787	0.99851698578	0.000147272624285	54
refN	0.0	0.0	0.0	0.0	1.0	54
refA	0.99873260433	0.00024017580633	0.000326332238084	0.000488023075761	0.000211260291563	55
refT	0.00029037823371	0.998263715154	0.000835158636777	0.000440064358609	0.000167674157076	55
refG	0.000242445264	0.000392277616934	0.998883861344	0.000293765794336	0.000186405604438	55
refC	0.000663148341559	0.000445357608582	0.00039702001448	0.998305862076	0.000185746709921	55
refN	0.0	0.0	0.0	0.0	1.0	55
refA	0.998141528557	0.000403110970267	0.000383490524811	0.000857354010508	0.000211068428384	56
refT	0.000434873839042	0.997988314821	0.000779413097817	0.000604766242633	0.000188593246523	56
refG	0.000300832555552	0.000419536310548	0.998740388324	0.000331090375453	0.000206567808938	56
refC	0.000980346134238	0.000624452103323	0.000373907072357	0.997809630405	0.000206877051713	56
refN	0.0	0.0	0.0	0.0	1.0	56
refA	0.998667884783	0.000269292959691	0.000347513309401	0.000529629390789	0.000183907387106	57
refT	0.000377631287729	0.998262894575	0.00079337803198	0.000442651772385	0.000120432030692	57
refG	0.000282428558147	0.000340317641493	0.99888834773	0.000318682327515	0.000168989344315	57
refC	0.000729526836516	0.000490525134105	0.000342442074753	0.998277751085	0.00015679382755	57
refN	0.0	0.0	0.0	0.0	1.0	57
refA	0.998664163414	0.000229464399652	0.000368782070869	0.000549660896105	0.000186147140534	58
refT	0.00037179320224	0.998171228701	0.000805768980336	0.000509506446152	0.000138364370361	58
refG	0.000238948909403	0.000374728810776	0.998892375854	0.000337374514765	0.000155346437378	58
refC	0.000724636087537	0.000488222189479	0.000394206430018	0.998251884979	0.000137999740495	58
refN	0.0	0.0	0.0	0.0	1.0	58
refA	0.998564494407	0.000273009366184	0.000427655194524	0.000565646856734	0.000167136452936	59
refT	0.000260515940691	0.998039000735	0.00111573553901	0.000448927589735	0.000131982203407	59
refG	0.000270282630032	0.000480763029558	0.998777251357	0.000326567082273	0.00014364261249	59
refC	0.00067073130205	0.000504017741424	0.000439769326034	0.998243936866	0.000138466412479	59
refN	0.0	0.0	0.0	0.0	1.0	59
refA	0.998482182691	0.000271694345653	0.000478301474434	0.000636541038386	0.000128980172881	60
refT	0.000300450739362	0.997699910608	0.00132261578106	0.000574019044149	9.77255562766e-05	60
refG	0.000254305342241	0.000518051254032	0.998767668974	0.000354021358109	0.000104436300642	60
refC	0.000688736307493	0.000549575696034	0.000558816830389	0.998092695437	0.000106544843148	60
refN	0.0	0.0	0.0	0.0	1.0	60
refA	0.99839880211	0.000275667890876	0.000573130038081	0.000651471554078	9.8368670462e-05	61
refT	0.000298023554586	0.997036030178	0.00194641555988	0.000648046856973	6.27246957852e-05	61
refG	0.000294302260857	0.000766251761668	0.998421188106	0.000415102384026	0.000100666769307	61
refC	0.000759818182897	0.000606668173001	0.000787320473406	0.997767882477	7.33394413584e-05	61
refN	0.0	0.0	0.0	0.0	1.0	61
refA	0.998246295881	0.000306450211659	0.000614090521227	0.000730125067389	9.99682243858e-05	62
refT	0.000361232770701	0.996628918165	0.00226182810947	0.000669105284315	6.75896589762e-05	62
refG	0.000313798635123	0.00100063639536	0.998031224197	0.00053961634451	0.000110855966426	62
refC	0.000803382571976	0.000629560784936	0.000889207079327	0.997583483617	8.85404727735e-05	62
refN	0.0	0.0	0.0	0.0	1.0	62
refA	0.998156699312	0.000327282827917	0.000637054213012	0.000775334227021	0.000100237914085	63
refT	0.00038711214341	0.996918982196	0.00195235035993	0.00067792142954	5.41703572202e-05	63
refG	0.00028159198026	0.000766751496251	0.998311120513	0.000570810409986	6.68780953118e-05	63
refC	0.000850398135945	0.000655675664972	0.000805292930804	0.997612538748	7.04081250976e-05	63
refN	0.0	0.0	0.0	0.0	1.0	63
refA	0.998150992386	0.000355241472277	0.000677271721771	0.000756148375882	5.69335247723e-05	64
refT	0.000362108198446	0.99676931617	0.00210622506879	0.000713575639501	3.83712160419e-05	64
refG	0.000299316842986	0.00090966547389	0.998200280022	0.000545916433783	4.1588054505e-05	64
refC	0.000814279592707	0.000659204811592	0.000874556009394	0.997611747478	3.45219477393e-05	64
refN	0.0	0.0	0.0	0.0	1.0	64
refA	0.99814776407	0.000339247934596	0.000600115834921	0.000887309853627	2.21378722752e-05	65
refT	0.000397306804814	0.996782394105	0.00195421720262	0.000803484893945	5.22772111597e-05	65
refG	0.000306010826452	0.000865858219674	0.998232335689	0.00058271027106	9.96586982698e-06	65
refC	0.000946513032924	0.000687432984809	0.000780505859237	0.997559467852	2.01385751686e-05	65
refN	0.0	0.0	0.0	0.0	1.0	65
refA	0.998013492847	0.000367453690028	0.000570994214406	0.00098467982295	5.94410380927e-05	66
refT	0.000380599005254	0.997204310286	0.00166349922662	0.000668816539574	7.49808514091e-05	66
refG	0.000302463881308	0.000648805501683	0.99846074339	0.00053004308794	5.5578469486e-05	66
refC	0.00107853137812	0.000733098135527	0.000683827876788	0.997441705573	5.63088671306e-05	66
refN	0.0	0.0	0.0	0.0	1.0	66
refA	0.998026788453	0.00036591799529	0.000467759249643	0.00107406997323	6.15784328644e-05	67
refT	0.000503184849333	0.997325957475	0.00136515964426	0.000731705479598	6.68611184704e-05	67
refG	0.000275031904294	0.000637789502198	0.998551022298	0.000467672785534	6.63870113812e-05	67
refC	0.00120658044159	0.000729799665387	0.000616022434703	0.99738932895	5.1470651976e-05	67
refN	0.0	0.0	0.0	0.0	1.0	67
refA	0.997933185704	0.000393262965797	0.000521578374576	0.00109721555563	5.04944895661e-05	68
refT	0.000410265142915	0.997414749491	0.00133107545599	0.000748946744368	8.8296879336e-05	68
refG	0.000296582284035	0.000547536524372	0.998628109233	0.000477339534067	4.85529182936e-05	68
refC	0.00121996610045	0.000763097317449	0.000630599872561	0.997326428721	5.27790651838e-05	68
refN	0.0	0.0	0.0	0.0	1.0	68
refA	0.997763878182	0.000414925173947	0.000561726185782	0.00118108086795	7.34005059175e-05	69
refT	0.000400204107248	0.997076833542	0.00158378646698	0.000858436233199	7.22196537115e-05	69
refG	0.000317586204476	0.000674358920371	0.998407783234	0.000543347300108	5.43932173413e-05	69
refC	0.00125722552742	0.00080999543024	0.000681132520883	0.99717819199	6.55143362694e-05	69
refN	0.0	0.0	0.0	0.0	1.0	69
refA	0.997772498391	0.000415169176985	0.000550589166045	0.00117185806322	8.49344668224e-05	70
refT	0.000419616999504	0.997039659773	0.00160705058131	0.000850025964199	7.49089348584e-05	70
refG	0.000342739431322	0.000771017250632	0.998212808965	0.000577677058604	9.25689404254e-05	70
refC	0.00121984640876	0.000842952159593	0.000757617612613	0.997084130649	8.69755959606e-05	70
refN	0.0	0.0	0.0	0.0	1.0	70
refA	0.997593341979	0.000411117773573	0.000599621556215	0.0012489123631	0.000141228230805	71
refT	0.000549404556653	0.996784469193	0.00161135765081	0.000898912060289	0.000145550041729	71
refG	0.000317633733401	0.000722529481472	0.998286150511	0.000514264139791	0.000156489879642	71
refC	0.00134626347294	0.00089604306284	0.00075036735017	0.996850663781	0.000146775152011	71
refN	0.0	0.0	0.0	0.0	1.0	71
refA	0.997503092445	0.000445239194063	0.000541637395754	0.00135740717757	0.000146404768819	72
refT	0.000535625090327	0.996851481692	0.00154950950687	0.000940671756267	0.000112829900684	72
refG	0.000353117095627	0.000690370361666	0.998217730054	0.000610463664486	0.000125147988966	72
refC	0.0013418079855	0.000879671474678	0.000721147904103	0.996924347354	0.000123594648244	72
refN	0.0	0.0	0.0	0.0	1.0	72
refA	0.997294710709	0.00046895893479	0.000598306550305	0.00145767084517	0.000173054115735	73
refT	0.00058863808757	0.99659512069	0.00168533653659	0.000988290664892	0.000131060156936	73
refG	0.000383115135899	0.000802462866046	0.99792510004	0.000730591654505	0.000154434008269	73
refC	0.00142790951449	0.000996505464812	0.000783239221935	0.996635457982	0.000145605632827	73
refN	0.0	0.0	0.0	0.0	1.0	73
refA	0.997137666471	0.000512623656983	0.000595266255889	0.0015983557716	0.000147918274854	74
refT	0.000513342410541	0.996750803674	0.00162956009622	0.000986410522125	0.000109360211781	74
refG	0.000333708064612	0.000864445890776	0.998029970767	0.000642565528667	0.000125436364712	74
refC	0.00159833026666	0.000978771317936	0.000806305440365	0.9964856466	0.000118638947629	74
refN	0.0	0.0	0.0	0.0	1.0	74
refA	0.997028082703	0.00049658032596	0.000642098370198	0.00169528521537	0.000129147264261	75
refT	0.000608362733802	0.996215674162	0.00189765695631	0.00114191890969	0.000122120107363	75
refG	0.000356498205375	0.000831443950624	0.998002052947	0.000692195867163	0.000113825196854	75
refC	0.00161865048052	0.00104005984527	0.000926176800459	0.996275535605	0.000125757106356	75
refN	0.0	0.0	0.0	0.0	1.0	75
refA	0.996659748536	0.000558841389963	0.000655092777588	0.00196644501625	0.00014875214451	76
refT	0.000552417001438	0.996419046511	0.00178376608681	0.0011193204627	0.000112672465328	76
refG	0.00039295736325	0.000884591984137	0.997847247619	0.000734532485838	0.000136046159937	76
refC	0.0019264101394	0.00112461296594	0.00101976681112	0.995775135698	0.000136300001269	76
refN	0.0	0.0	0.0	0.0	1.0	76
refA	0.996376169596	0.000573940277145	0.000738091920196	0.00216585693062	0.000132856545635	77
refT	0.000643073729624	0.996018379515	0.00189102498877	0.00132434365935	0.000107387677342	77
refG	0.000421247589141	0.000912122878966	0.997709235115	0.000855260256741	9.68985501192e-05	77
refC	0.00228340004064	0.00125352311784	0.00103429462542	0.99529966312	0.000107129288485	77
refN	0.0	0.0	0.0	0.0	1.0	77
refA	0.996421382376	0.00056714504118	0.000679611767267	0.00220422754605	0.000114872431458	78
refT	0.00065540165563	0.995961534546	0.00197135547106	0.00132561101075	6.98537128053e-05	78
refG	0.000390267828667	0.000945014092677	0.997737588644	0.000837719916216	8.43025672195e-05	78
refC	0.00215673666888	0.00122876230125	0.00106856003226	0.995434189877	9.09992480302e-05	78
refN	0.0	0.0	0.0	0.0	1.0	78
refA	0.996041302722	0.000678670579279	0.000819327694155	0.00234897381844	9.61156951656e-05	79
refT	0.000720602031415	0.995257282776	0.00253660938697	0.00137771631677	8.54022979986e-05	79
refG	0.000435376760832	0.0011171708448	0.997347550998	0.00098152284721	0.00011136167488	79
refC	0.00223916690722	0.00134689614111	0.00132936841581	0.994970666811	8.87341093369e-05	79
refN	0.0	0.0	0.0	0.0	1.0	79
refA	0.995609189996	0.000688885643209	0.000978040217913	0.00261126094456	9.3428267491e-05	80
refT	0.000728716461771	0.994599876666	0.00304710396949	0.00150588897312	8.94092269697e-05	80
refG	0.000490904041912	0.00148549305937	0.996764119965	0.00117061733071	7.84284564002e-05	80
refC	0.00242683181285	0.0014622166921	0.00155398075795	0.994464226181	6.22684732535e-05	80
refN	0.0	0.0	0.0	0.0	1.0	80
refA	0.9951692999	0.000794965339152	0.00116283869023	0.00278686494741	6.28076453055e-05	81
refT	0.000780829544846	0.993835476167	0.00357816100539	0.00170878583891	5.89789147175e-05	81
refG	0.000507862604924	0.00172569049336	0.996411864906	0.00129426787002	4.74854431058e-05	81
refC	0.00254045331079	0.00158345546011	0.00183825816653	0.993944034981	5.73441335058e-05	81
refN	0.0	0.0	0.0	0.0	1.0	81
refA	0.994846861138	0.000790858361455	0.00125322447285	0.00298119986365	0.000101437463214	82
refT	0.00086817544413	0.992947689476	0.00409689052867	0.00196959205235	6.82657065643e-05	82
refG	0.00061395908572	0.00216722309746	0.995595513409	0.00151886364511	8.51263309735e-05	82
refC	0.00270918721092	0.00173006204966	0.00209593122757	0.993346795457	7.4051482785e-05	82
refN	0.0	0.0	0.0	0.0	1.0	82
refA	0.994393350358	0.000884699858151	0.00123026718529	0.0033392966458	0.000121126691988	83
refT	0.000870374028609	0.993349142289	0.00374003838192	0.00190392383562	9.25798059602e-05	83
refG	0.000546001339709	0.00176999795322	0.996186178018	0.00138041233277	0.000102920380329	83
refC	0.00286649568848	0.00184763805795	0.00185914128926	0.993283312948	9.85991255353e-05	83
refN	0.0	0.0	0.0	0.0	1.0	83
refA	0.994132406987	0.000852628509699	0.00123323422846	0.00362919801535	0.000118304446335	84
refT	0.000971254652547	0.993313788959	0.003582745211	0.00199273027737	9.50724066395e-05	84
refG	0.000558939216515	0.00172589805595	0.996148870165	0.00140947378875	0.000142044470313	84
refC	0.00315887167511	0.00189033559827	0.00201935764369	0.992771681679	0.000107879777475	84
refN	0.0	0.0	0.0	0.0	1.0	84
refA	0.993536884729	0.000929567730401	0.00117270355855	0.00419159103259	0.000127749333437	85
refT	0.0010215627987	0.992958217184	0.00372392666167	0.00216400732216	8.30460655564e-05	85
refG	0.000648148473426	0.00186364642359	0.995770096452	0.00159490193461	0.000105389995679	85
refC	0.0039772392082	0.00201221703198	0.00217632641678	0.991664485539	0.000100825373671	85
refN	0.0	0.0	0.0	0.0	1.0	85
refA	0.993330743639	0.000968844287725	0.00123931578405	0.00416064468094	0.000256267303961	86
refT	0.000958632008893	0.992826849557	0.00363474850545	0.00228584950747	0.000242832793206	86
refG	0.000641490440631	0.00174682781526	0.995737037229	0.00163072094818	0.000225827856476	86
refC	0.00369110148476	0.00208813045061	0.00199466432695	0.991936858604	0.000224750910079	86
refN	0.0	0.0	0.0	0.0	1.0	86
refA	0.993201222853	0.000985453203829	0.00121746524454	0.00436696890022	0.000182978568187	87
refT	0.0011174657971	0.992664977545	0.00358655386831	0.00244975691066	0.000127835093976	87
refG	0.000587357094185	0.00177508422925	0.995766550223	0.00168458509994	0.000168576809509	87
refC	0.003645005025	0.00223380972159	0.00210145972364	0.991800788895	0.000152256298461	87
refN	0.0	0.0	0.0	0.0	1.0	87
refA	0.992212364843	0.00111357914298	0.00146816930672	0.00487235347065	0.000273354624555	88
refT	0.00128788686965	0.991379405625	0.00431003781476	0.00271081493008	0.000238175274441	88
refG	0.000684467067787	0.00266181637473	0.994221104501	0.00208707303536	0.00031233526927	88
refC	0.00409318568312	0.00248094850487	0.00266845575317	0.990399487885	0.000266628803931	88
refN	0.0	0.0	0.0	0.0	1.0	88
refA	0.992049017288	0.00112883259012	0.00140897651922	0.00509331151946	0.000257142638083	89
refT	0.00123752900851	0.991436535424	0.00426640008334	0.00279699127329	0.000189833937664	89
refG	0.000736982668201	0.00219015539014	0.994725073869	0.00208619231782	0.000233916912713	89
refC	0.00425485567871	0.00255016301571	0.00241044312658	0.990470706029	0.000223881869584	89
refN	0.0	0.0	0.0	0.0	1.0	89
refA	0.991321490158	0.00120849592486	0.00157603749285	0.00554680981739	0.000272498085596	90
refT	0.00142933725967	0.990657850586	0.0046198107429	0.00298329988042	0.000223233572017	90
refG	0.000825495496831	0.00261045848066	0.994103735715	0.00218972942219	0.000236018740116	90
refC	0.00465642357759	0.00278802889755	0.00282470639127	0.989376999853	0.000242179333527	90
refN	0.0	0.0	0.0	0.0	1.0	90
refA	0.990098357474	0.00141827732987	0.001686984829	0.00623721711566	0.000462081990784	91
refT	0.00135933014292	0.990244423027	0.00475245232263	0.0032087345742	0.000340808131526	91
refG	0.000878159847725	0.00281497760466	0.993429760633	0.00240418891301	0.000430026729556	91
refC	0.00518973422503	0.00290708521085	0.0028818443804	0.988508324458	0.000382453452616	91
refN	0.0	0.0	0.0	0.0	1.0	91
refA	0.989928929642	0.00145138662463	0.00171701550399	0.00648517354121	0.000317079518159	92
refT	0.00140927488329	0.990010317951	0.00480856109965	0.00344928968178	0.000223749683918	92
refG	0.000920555912866	0.00279354604178	0.99346049077	0.00247867788932	0.000304242051397	92
refC	0.00566105815935	0.00322799109596	0.00303148054601	0.987662660244	0.000266454982986	92
refN	0.0	0.0	0.0	0.0	1.0	92
refA	0.988963343254	0.00147908322248	0.00173678852014	0.00733734167911	0.00036296520797	93
refT	0.00168795753032	0.989516441055	0.00466739370259	0.00373385177818	0.000285591167398	93
refG	0.000878750472068	0.00268754474074	0.993540679085	0.00252971912677	0.000321851519917	93
refC	0.00636314997896	0.00340239562929	0.00309203826239	0.986654658178	0.000312005282118	93
refN	0.0	0.0	0.0	0.0	1.0	93
refA	0.988428135429	0.00154377851287	0.00152407070207	0.00793985892791	0.000431780218494	94
refT	0.00191895179371	0.989330741846	0.00444162234187	0.00384938476817	0.000346667874317	94
refG	0.000860886616869	0.00222390986477	0.994123656331	0.00233612550015	0.000421092005486	94
refC	0.00703779032665	0.00346685670746	0.00281884098856	0.986095822471	0.000390014532424	94
refN	0.0	0.0	0.0	0.0	1.0	94
refA	0.9871089009	0.0017277775935	0.00178049346797	0.00882191274516	0.000396849841497	95
refT	0.00184313934377	0.989060232303	0.00441082754518	0.00423530574486	0.000332111633149	95
refG	0.000904870055602	0.00237907760581	0.993620410163	0.00271966844662	0.00033553256099	95
refC	0.00737130086313	0.00372996300863	0.0029136207504	0.98544039049	0.000335784745464	95
refN	0.0	0.0	0.0	0.0	1.0	95
refA	0.986348072739	0.00178644415506	0.00176953964801	0.00943211119785	0.000479967253555	96
refT	0.00197588976101	0.988680562197	0.00438860459596	0.00446845434066	0.000359793555531	96
refG	0.000929134877237	0.00255639797622	0.993293016006	0.00279762114227	0.000379146058641	96
refC	0.00773357657074	0.00417165237974	0.00318377283892	0.984285358497	0.000382510445478	96
refN	0.0	0.0	0.0	0.0	1.0	96
refA	0.979792600863	0.00405994341158	0.00346058129126	0.0118078537436	0.000478769741752	97
refT	0.00390132469856	0.982941328175	0.00652590415493	0.00603304177334	0.000312283698315	97
refG	0.00331326099173	0.00495692704344	0.987024933209	0.00413622136056	0.000402461440643	97
refC	0.0109059489656	0.00673604355087	0.00523724209483	0.97617985078	0.000386716188437	97
refN	0.0	0.0	0.0	0.0	1.0	97
refA	0.985029197411	0.00202839032866	0.00206228603336	0.0103048888905	0.000354418245642	98
refT	0.00227418528589	0.987194194668	0.00502029396698	0.00508176695433	0.000267643929542	98
refG	0.00112111325483	0.00299616537848	0.992268074673	0.0032155744628	0.000339748250464	98
refC	0.00888369420154	0.00468857002508	0.00355926329147	0.982232871679	0.000325440610426	98
refN	0.0	0.0	0.0	0.0	1.0	98
refA	0.98354492139	0.00229373905726	0.0023615252754	0.0112183137598	0.000315114311381	99
refT	0.00230825564569	0.985961471296	0.00592426022376	0.00536618230587	0.000245478655016	99
refG	0.00121589248904	0.00428542226782	0.990364143705	0.00376909962131	0.000273478338121	99
refC	0.00926318898284	0.0052996576279	0.00443442972621	0.980357997276	0.000266350182124	99
