errmodel	readA	readT	readG	readC	readN	pos
refA	1.0	0.0	0.0	0.0	0.0	0
refT	0.0	1.0	0.0	0.0	0.0	0
refG	0.0	0.0	1.0	0.0	0.0	0
refC	0.0	0.0	0.0	1.0	0.0	0
refN	0.0	0.0	0.0	0.0	1.0	0
refA	0.999015241778	0.000117079072278	0.000558835757033	3.74002592001e-05	0.000270474338273	1
refT	0.000239135321149	0.999226700952	5.31411824775e-05	0.000190302883196	0.000290122131364	1
refG	0.000514746800223	0.00035146296459	0.998705234927	0.00013472746976	0.000292153589316	1
refC	0.000372836469215	0.00030062393202	6.35784294872e-05	0.998965192111	0.000296699337607	1
refN	0.0	0.0	0.0	0.0	1.0	1
refA	0.999438694796	5.87396201972e-05	0.000488239411914	1.40112855516e-05	0.0	2
refT	0.00015060909597	0.999696298981	3.55177913398e-05	0.000117481925201	0.0	2
refG	0.000350930334788	0.000466183244739	0.999110432124	7.16636683671e-05	0.0	2
refC	0.000167443587561	0.00019867658835	0.00012579958651	0.999507838133	0.0	2
refN	0.0	0.0	0.0	0.0	1.0	2
refA	0.999367879835	5.19954846538e-05	0.000562717488122	1.7007868812e-05	0.0	3
refT	0.000234107985694	0.999529950872	8.41627882455e-05	0.0001515575114	0.0	3
refG	0.000340754143272	0.000200689556774	0.99938448698	7.36906966279e-05	0.0	3
refC	0.000160227975374	0.000252170873995	0.000176895986235	0.999410357691	0.0	3
refN	0.0	0.0	0.0	0.0	1.0	3
refA	0.999418906004	6.42017758897e-05	0.000505282678949	1.12720675226e-05	0.0	4
refT	0.0002246014608	0.999516667934	8.04593647682e-05	0.000178037743317	0.0	4
refG	0.000351463196782	0.000117330570956	0.999465384577	6.50074785026e-05	5.28516085387e-07	4
refC	0.000151367207097	0.000195515975834	0.000141046715704	0.99951183191	0.0	4
refN	0.0	0.0	0.0	0.0	1.0	4
refA	0.999449591516	5.42425342112e-05	0.000474742179955	1.82408522126e-05	2.88013455989e-06	5
refT	0.000162728111732	0.99944099898	0.000205498539457	0.000187454765261	3.00729569937e-06	5
refG	0.000288359433168	0.00013019402979	0.999524769483	5.39084654599e-05	2.54285214434e-06	5
refC	0.000138700732842	0.000210442491209	0.000111797573455	0.999534657824	4.18493590472e-06	5
refN	0.0	0.0	0.0	0.0	1.0	5
refA	0.999783963415	5.17579539285e-05	0.000143329718571	1.49301790178e-05	5.97207160713e-06	6
refT	4.93516856729e-05	0.999678763336	0.000142146756621	0.000115733178374	1.39018832881e-05	6
refG	0.000131986044538	0.000123221346268	0.999680759987	5.67127535125e-05	7.21798681068e-06	6
refC	0.0001248563194	0.000147308552275	4.92853892368e-05	0.999674610587	3.83330805175e-06	6
refN	0.0	0.0	0.0	0.0	1.0	6
refA	0.999803363599	4.27175341886e-05	0.000137861133063	1.60190753207e-05	0.0	7
refT	6.25454677597e-05	0.99942662916	0.000346970108857	0.00016352669783	0.0	7
refG	0.000149626372628	9.90629777402e-05	0.999709950304	4.12762407251e-05	0.0	7
refC	0.00012579482693	0.000161654890715	5.97667729756e-05	0.999652662908	0.0	7
refN	0.0	0.0	0.0	0.0	1.0	7
refA	0.999820778088	3.03545559006e-05	0.000136105911941	1.27293298938e-05	0.0	8
refT	7.22426561546e-05	0.999536970879	0.00025268435897	0.000137887809464	0.0	8
refG	0.000142982638953	0.000116602078261	0.999707090005	3.32395064725e-05	0.0	8
refC	0.000177614753033	0.000132785470319	5.5043549662e-05	0.999633286879	1.13491854973e-06	8
refN	0.0	0.0	0.0	0.0	1.0	8
refA	0.999790449851	3.55765325333e-05	0.0001600943964	1.38353182074e-05	0.0	9
refT	8.86373193974e-05	0.99937816747	0.000368337305051	0.000164471470437	0.0	9
refG	0.000152409573897	9.82075775464e-05	0.999697772806	5.15187292047e-05	0.0	9
refC	0.000156475915608	0.000156475915608	6.00104765954e-05	0.999626898539	0.0	9
refN	0.0	0.0	0.0	0.0	1.0	9
refA	0.999770514063	5.43771196344e-05	0.000163608351181	1.14478146599e-05	0.0	10
refT	0.000119364723887	0.999450478361	0.000284556975696	0.000145298131161	0.0	10
refG	0.000125679807426	0.000100543845941	0.999731989536	4.17149999118e-05	0.0	10
refC	0.000190333313495	0.000151592904554	5.33382441948e-05	0.999604579242	0.0	10
refN	0.0	0.0	0.0	0.0	1.0	10
refA	0.999797106123	3.9699100186e-05	0.000148629558013	1.45240610437e-05	0.0	11
refT	8.37666603982e-05	0.999428782239	0.000339776413663	0.000147348583351	0.0	11
refG	0.000122521914715	0.000119869925219	0.999706603906	5.09181983232e-05	0.0	11
refC	0.000196015569237	0.000132010485404	4.57179170231e-05	0.999626116292	0.0	11
refN	0.0	0.0	0.0	0.0	1.0	11
refA	0.999770719669	4.19018510759e-05	0.000172044070888	1.52818515689e-05	0.0	12
refT	7.78298759165e-05	0.999412089106	0.000344388850085	0.000165346732097	0.0	12
refG	0.000149876178808	9.54727260023e-05	0.999691618698	6.29373277557e-05	0.0	12
refC	0.000174952322688	0.00015981221784	5.94389301441e-05	0.999605641072	0.0	12
refN	0.0	0.0	0.0	0.0	1.0	12
refA	0.999777726374	3.80683908158e-05	0.00016940433913	1.37997916707e-05	9.51709770395e-07	13
refT	0.000106668131153	0.999343013984	0.000418575603766	0.000130958893693	3.52040036809e-07	13
refG	0.000128244912952	0.00011874528977	0.99971968256	3.06098969185e-05	2.63878421711e-06	13
refC	0.000166147997605	0.000150837431273	6.29434393656e-05	0.999615386797	4.53646409842e-06	13
refN	0.0	0.0	0.0	0.0	1.0	13
refA	0.999795053444	3.79097431399e-05	0.000148279881395	1.72753259878e-05	1.43961049898e-06	14
refT	8.23234928643e-05	0.999432861044	0.000330980928278	0.000148114808883	5.39826182717e-06	14
refG	0.000123628192042	0.00011049953448	0.999719296172	4.485624667e-05	1.64108219524e-06	14
refC	0.000155594657612	0.000141865717234	4.63351737741e-05	0.999652651607	3.43223509438e-06	14
refN	0.0	0.0	0.0	0.0	1.0	14
refA	0.999782409034	3.61746810929e-05	0.000168980359626	1.23885894154e-05	0.0	15
refT	6.19212040963e-05	0.999376717919	0.000408345237824	0.000152627400367	0.0	15
refG	0.000136973136696	9.33405649258e-05	0.999735925608	3.36909731389e-05	0.0	15
refC	0.000167281717006	0.000167281717006	4.49078434917e-05	0.999620384669	0.0	15
refN	0.0	0.0	0.0	0.0	1.0	15
refA	0.999752109705	4.0266197917e-05	0.000194619956599	1.15046279763e-05	1.43807849704e-06	16
refT	8.16314770976e-05	0.999262028591	0.000520657908547	0.000134108855232	1.02896819871e-06	16
refG	0.000124514899277	0.000110253280858	0.99972072342	4.16878076876e-05	2.74261892681e-06	16
refC	0.000173876260532	0.000146512127727	6.44197293117e-05	0.999612761643	2.28034440041e-06	16
refN	0.0	0.0	0.0	0.0	1.0	16
refA	0.999755829569	2.77616233849e-05	0.000179493254643	1.86672984829e-05	1.81886498039e-05	17
refT	8.74251358491e-05	0.999220049793	0.000496656413773	0.000173149393569	2.21114156817e-05	17
refG	0.000146574632274	9.17448624234e-05	0.999694814507	4.56009967075e-05	2.11718913285e-05	17
refC	0.000169978102485	0.000130050360291	5.93212169748e-05	0.999625109129	1.54007005608e-05	17
refN	0.0	0.0	0.0	0.0	1.0	17
refA	0.999758368472	4.4057399366e-05	0.000169794246995	2.02961053259e-05	7.42540438752e-06	18
refT	9.2376186624e-05	0.999272510719	0.00043543992318	0.000189103425517	1.00408898504e-05	18
refG	0.000144482611628	9.92628629505e-05	0.999707088782	3.58449227321e-05	1.32350483934e-05	18
refC	0.000167040951958	0.000146710309779	6.92340787719e-05	0.999608069481	8.7916290504e-06	18
refN	0.0	0.0	0.0	0.0	1.0	18
refA	0.999785818379	3.37601419083e-05	0.000172659011474	7.23431612322e-06	4.82287741548e-07	19
refT	7.02007161155e-05	0.999370865015	0.000444036568439	0.000114502138907	0.0	19
refG	0.000138069591423	0.000113064862267	0.99970420443	4.34864854875e-05	1.08716213719e-06	19
refC	0.000173794580412	0.000129504993791	5.83052785899e-05	0.999638264342	0.0	19
refN	0.0	0.0	0.0	0.0	1.0	19
refA	0.999774302772	3.92217817439e-05	0.000174319029973	1.21054881925e-05	0.0	20
refT	5.51384059078e-05	0.999350170104	0.000446553015747	0.000147716470148	0.0	20
refG	0.000143194557963	0.000102971367524	0.999712992225	4.0759499645e-05	0.0	20
refC	0.000148515746057	0.000152468636637	5.87286600379e-05	0.999640157517	0.0	20
refN	0.0	0.0	0.0	0.0	1.0	20
refA	0.999756105268	4.6397802916e-05	0.000176706525999	2.07309332178e-05	0.0	21
refT	0.000116613151953	0.999323991268	0.000427581557161	0.000131357343579	0.0	21
refG	0.000146358752608	9.33856220001e-05	0.999724682388	3.5497458655e-05	0.0	21
refC	0.000175059617525	0.000144493652561	5.22400128488e-05	0.999628068435	0.0	21
refN	0.0	0.0	0.0	0.0	1.0	21
refA	0.999810827138	2.88758904603e-05	0.000145823246824	1.44379452301e-05	0.0	22
refT	6.05825785041e-05	0.999001959421	0.000747185134884	0.000189277773518	0.0	22
refG	0.000128561945879	0.000148464841266	0.99967822267	4.46470355982e-05	0.0	22
refC	0.000165972283195	0.000133684159843	0.000105361244622	0.999594818207	0.0	22
refN	0.0	0.0	0.0	0.0	1.0	22
refA	0.999787837131	4.28127801987e-05	0.000150331239561	1.55682837086e-05	3.40556206126e-06	23
refT	9.13394988057e-05	0.999487089908	0.000268288712359	0.000151333708353	1.68523060527e-06	23
refG	0.000121139996745	0.000106197618292	0.999712810417	5.65675755724e-05	3.20193823995e-06	23
refC	0.000174815956054	0.000139279597774	5.50240386269e-05	0.999625008171	5.7316706903e-06	23
refN	0.0	0.0	0.0	0.0	1.0	23
refA	0.999793608683	3.25813781627e-05	0.000151059116936	1.7771660816e-05	4.93657244889e-06	24
refT	7.13154281387e-05	0.999632238792	0.000184482633354	0.000110153877266	1.67407108307e-06	24
refG	0.000149212278973	8.76758281554e-05	0.999727095793	2.61393773382e-05	9.80226650184e-06	24
refC	0.000164492604224	0.000160046858163	5.94618535538e-05	0.999613070436	2.77859128756e-06	24
refN	0.0	0.0	0.0	0.0	1.0	24
refA	0.999609715527	4.34016056665e-05	0.000170230742225	2.07363227073e-05	0.000155763540336	25
refT	6.26369527227e-05	0.99939951464	0.000212055828771	0.000145919604946	0.000179512607524	25
refG	0.000142882176123	8.08767034656e-05	0.999599769787	3.127232534e-05	0.000145038888215	25
refC	0.000161025971913	0.000149202386563	4.7294341401e-05	0.999465964534	0.000176227724506	25
refN	0.0	0.0	0.0	0.0	1.0	25
refA	0.999762670461	3.57132897957e-05	0.000164868200838	3.52240666478e-05	1.46766944366e-06	26
refT	9.23773518309e-05	0.999382275977	0.00037640323955	0.000148217392863	3.44691611309e-07	26
refG	0.000142708272873	8.8926423768e-05	0.999726756164	4.15344973287e-05	0.0	26
refC	0.000197016111729	0.00015682029583	6.22752077303e-05	0.999583148554	5.66138252093e-07	26
refN	0.0	0.0	0.0	0.0	1.0	26
refA	0.999730058773	4.80316196609e-05	0.000199554048694	2.17875388152e-05	4.9517133671e-07	27
refT	8.75018030157e-05	0.998758395716	0.00100046006807	0.000151077331769	1.02541175409e-06	27
refG	0.00014800972179	0.000145880085505	0.999657543731	4.84492254779e-05	0.0	27
refC	0.000168954289279	0.000139041070849	0.000130177895018	0.99956108023	5.53948489438e-07	27
refN	0.0	0.0	0.0	0.0	1.0	27
refA	0.999713532411	4.43560109868e-05	0.000209726791079	3.23027471317e-05	0.0	28
refT	8.35752725806e-05	0.998623877509	0.00112562139273	0.000165034715476	0.0	28
refG	0.000158611469875	0.000190981157605	0.999600614406	4.96335211854e-05	0.0	28
refC	0.00019736296542	0.000149818945739	0.000123282748708	0.999529313899	0.0	28
refN	0.0	0.0	0.0	0.0	1.0	28
refA	0.999690366115	4.65762569767e-05	0.000234821962258	2.81398219234e-05	0.0	29
refT	9.45348003683e-05	0.998816235247	0.000945688056922	0.000142142253791	0.0	29
refG	0.000140065941157	0.000156852870434	0.999657324338	4.56394639724e-05	0.0	29
refC	0.000188458954715	0.000154502386298	0.000118282046653	0.999538543769	0.0	29
refN	0.0	0.0	0.0	0.0	1.0	29
refA	0.999686298997	4.21109370526e-05	0.000248702240005	2.27894482873e-05	0.0	30
refT	0.000104704210605	0.998298044488	0.00142030581788	0.000174053752694	0.0	30
refG	0.000152125714101	0.0002508455924	0.99953639514	6.04187233308e-05	0.0	30
refC	0.000183939632342	0.000147927354926	0.000173412966636	0.999494464609	0.0	30
refN	0.0	0.0	0.0	0.0	1.0	30
refA	0.999679577723	4.37462329633e-05	0.000238173935022	3.83994711567e-05	0.0	31
refT	8.66424882884e-05	0.998392087179	0.00136461919054	0.00015406990861	0.0	31
refG	0.000143443118357	0.000197167132722	0.999601208842	5.80219355151e-05	0.0	31
refC	0.000166173536474	0.000147771769012	0.00017063457101	0.999515185192	0.0	31
refN	0.0	0.0	0.0	0.0	1.0	31
refA	0.999596098916	3.77596703484e-05	0.00033886883646	2.71095069168e-05	0.0	32
refT	9.6385308244e-05	0.997838804713	0.00188367402766	0.000176475258619	0.0	32
refG	0.000129646610633	0.000281863278988	0.999502686647	8.55562653168e-05	0.0	32
refC	0.000182754761272	0.000177079147568	0.000269024089575	0.99937074629	0.0	32
refN	0.0	0.0	0.0	0.0	1.0	32
refA	0.999702377563	4.40607583005e-05	0.000228224826703	2.52482997003e-05	0.0	33
refT	0.00010309117002	0.998683942911	0.00102955076066	0.000181685428352	0.0	33
refG	0.000157818016633	0.0002420587147	0.99952952372	7.03783047146e-05	0.0	33
refC	0.000197610416908	0.000163098175082	0.000210413345327	0.999428551696	0.0	33
refN	0.0	0.0	0.0	0.0	1.0	33
refA	0.99969080114	3.77900568547e-05	0.000240306002563	2.9553762412e-05	1.45346372518e-06	34
refT	8.72778760668e-05	0.998516163923	0.00121876077934	0.000175251193377	3.4772062178e-07	34
refG	0.000163747830475	0.000244288294324	0.999500506431	9.06746943996e-05	5.33380555292e-07	34
refC	0.000173968070947	0.000171716057084	0.000221260362079	0.999432733902	0.0	34
refN	0.0	0.0	0.0	0.0	1.0	34
refA	0.999682323665	3.33258186879e-05	0.000248963469022	3.52861609637e-05	0.0	35
refT	7.67089698692e-05	0.998633185725	0.00115534474794	0.000132222040169	6.72885700607e-07	35
refG	0.000143152179649	0.000260704151988	0.999520157815	7.57557155075e-05	0.0	35
refC	0.000173357082871	0.000165320661811	0.000193448135522	0.999465866884	1.7220902272e-06	35
refN	0.0	0.0	0.0	0.0	1.0	35
refA	0.999722132449	3.23590923324e-05	0.000215063505963	2.88742670043e-05	1.49349656919e-06	36
refT	9.40811254997e-05	0.9985847152	0.0011572323056	0.000161626548935	3.44619507325e-07	36
refG	0.000159297945903	0.000224393119811	0.999543066632	7.25043806935e-05	5.29229056157e-07	36
refC	0.000164563844656	0.000164007885722	0.000228499122141	0.999442618647	0.0	36
refN	0.0	0.0	0.0	0.0	1.0	36
refA	0.999705196997	3.55021067826e-05	0.000231006859202	2.82071533341e-05	0.0	37
refT	8.30180541877e-05	0.998522786586	0.00119876692354	0.000187737923371	5.51157206225e-06	37
refG	0.000145820536882	0.000284297593489	0.999507219574	6.1895048029e-05	5.2453430533e-07	37
refC	0.00018271328665	0.000162348957488	0.000224007620785	0.99943003979	5.65675810062e-07	37
refN	0.0	0.0	0.0	0.0	1.0	37
refA	0.999693843471	3.95392168013e-05	0.000226496254269	3.66103859272e-05	3.4169693532e-06	38
refT	8.3997459589e-05	0.998617939163	0.00110323492655	0.00018745774518	5.46324940416e-06	38
refG	0.000131533118461	0.000260435574552	0.999529416223	7.41846788119e-05	4.20905979075e-06	38
refC	0.000231698130436	0.000175200310453	0.000214006893875	0.999376994716	1.712055151e-06	38
refN	0.0	0.0	0.0	0.0	1.0	38
refA	0.999667800647	3.77261084526e-05	0.000258126005202	3.57405237972e-05	4.9639616385e-07	39
refT	0.000137976968925	0.998493078652	0.00122635004253	0.000139991231245	3.35710386678e-07	39
refG	0.000167751866503	0.000304907480625	0.999417804929	0.000108669448112	5.27521592778e-07	39
refC	0.000171627669046	0.000161074511403	0.000212729440921	0.999453158648	1.11085869933e-06	39
refN	0.0	0.0	0.0	0.0	1.0	39
refA	0.999656950132	4.81646382932e-05	0.00024804788721	4.2384881698e-05	4.33481744639e-06	40
refT	9.35448778924e-05	0.998527393223	0.00122168909817	0.000143645692644	1.15617264811e-05	40
refG	0.000153709812834	0.000253886208096	0.999495153045	9.16958538633e-05	5.3003383736e-06	40
refC	0.000184566280293	0.000133727664165	0.000219932274122	0.999460377559	1.10518730714e-06	40
refN	0.0	0.0	0.0	0.0	1.0	40
refA	0.999651829833	4.70205455547e-05	0.000247221425081	5.33222681548e-05	4.84747892316e-07	41
refT	8.6075310158e-05	0.998596524437	0.00115779730918	0.000157635960172	0.0	41
refG	0.000170167018133	0.000293153772672	0.999463766017	7.26257990163e-05	0.0	41
refC	0.000226533440719	0.000153678464809	0.000245885543694	0.999373510307	0.0	41
refN	0.0	0.0	0.0	0.0	1.0	41
refA	0.999656404413	5.1546417301e-05	0.000227993768831	5.79897194636e-05	5.94766353473e-06	42
refT	7.20813187639e-05	0.998432104855	0.00132850354009	0.000162441632238	2.41420684855e-06	42
refG	0.000140665648816	0.000334015061234	0.999425417021	9.7991800299e-05	1.58051290805e-06	42
refC	0.000201369311317	0.000149224090205	0.000257397687193	0.999390528209	1.10947278963e-06	42
refN	0.0	0.0	0.0	0.0	1.0	42
refA	0.999658802838	4.6445043177e-05	0.000249158304543	4.54774381108e-05	0.0	43
refT	0.000101282619091	0.998662836575	0.00102941254316	0.000204682644853	0.0	43
refG	0.000166774090858	0.000222889901304	0.999544572835	6.55558533248e-05	0.0	43
refC	0.000159710361885	0.00016252216403	0.000187266022914	0.99949024173	0.0	43
refN	0.0	0.0	0.0	0.0	1.0	43
refA	0.999676185494	4.7278016446e-05	0.000236872510969	3.95591566181e-05	0.0	44
refT	5.47784059415e-05	0.99868290106	0.00109591048387	0.000164677582862	0.0	44
refG	0.000143335078128	0.000261719235249	0.99953102137	6.37044791681e-05	0.0	44
refC	0.000200708867227	0.000163075954622	0.000228648453857	0.999407215539	0.0	44
refN	0.0	0.0	0.0	0.0	1.0	44
refA	0.999677322449	4.89797129987e-05	0.000228077249418	4.55165009685e-05	0.0	45
refT	9.16530017354e-05	0.998603998457	0.00113105117359	0.000171019188021	3.32076093244e-07	45
refG	0.000148605900879	0.000267384094055	0.999495337602	8.3624109097e-05	4.79373873804e-06	45
refC	0.000194066148674	0.000181239937698	0.0002325447816	0.999391221084	5.57661346763e-07	45
refN	0.0	0.0	0.0	0.0	1.0	45
refA	0.999620821482	4.28728304155e-05	0.000279160588956	5.40782292742e-05	2.92314752833e-06	46
refT	6.23906621271e-05	0.998343732523	0.00139550639187	0.000193516799479	2.11493769922e-06	46
refG	0.000155378893819	0.000335682047056	0.999384469421	0.000123560690307	5.30303391874e-07	46
refC	0.000173147254781	0.000176487716288	0.000326808484104	0.999320868664	2.22697433802e-06	46
refN	0.0	0.0	0.0	0.0	1.0	46
refA	0.999583616604	4.62455659021e-05	0.000294998030912	6.52305876935e-05	9.73590861097e-06	47
refT	7.77855563334e-05	0.998253377493	0.00146368803547	0.000196894689469	5.20885421876e-06	47
refG	0.000162872517658	0.000355019507444	0.999345953379	0.000126146361715	9.58073633281e-06	47
refC	0.000208454511527	0.000170910284989	0.000296991642767	0.999317574558	5.60361590127e-06	47
refN	0.0	0.0	0.0	0.0	1.0	47
refA	0.999600332712	4.7665730551e-05	0.000280588991182	7.07614969005e-05	4.91399284031e-07	48
refT	0.000127402583259	0.998293597319	0.00138772921334	0.000188364034388	0.0	48
refG	0.000152555711036	0.000377091933617	0.999339384407	0.000128383151189	2.14867198642e-06	48
refC	0.000193090039883	0.000182547767591	0.000285196208333	0.999338173403	5.54856436446e-07	48
refN	0.0	0.0	0.0	0.0	1.0	48
refA	0.999690318177	4.6006580858e-05	0.000207508849078	5.60705204207e-05	0.0	49
refT	0.000102474747791	0.998924422699	0.00075449204136	0.000217454888532	0.0	49
refG	0.000126467823937	0.000165921461319	0.999601521679	0.000105930314067	0.0	49
refC	0.000199185737632	0.000167940916042	0.000149528789034	0.999483077486	0.0	49
refN	0.0	0.0	0.0	0.0	1.0	49
refA	0.99966807831	6.68502690601e-05	0.000195671225497	6.92900599017e-05	0.0	50
refT	0.000132094328761	0.998926000422	0.000708414509322	0.000232338502111	0.0	50
refG	0.000163050254646	0.00015985319083	0.999574609632	0.000102306042131	0.0	50
refC	0.000213481377289	0.000188565778879	0.000154589962864	0.999443052864	0.0	50
refN	0.0	0.0	0.0	0.0	1.0	50
refA	0.999686402533	4.99422943985e-05	0.000179001094775	7.8127549653e-05	6.42821611069e-06	51
refT	0.000112874430869	0.999152389986	0.000499252290382	0.000233429666206	1.33579208129e-06	51
refG	0.000163064195433	0.000143817274005	0.999601001881	8.66111464268e-05	5.34636706338e-06	51
refC	0.000187272454272	0.000160123489008	0.000101393074354	0.999543800172	7.20278670277e-06	51
refN	0.0	0.0	0.0	0.0	1.0	51
refA	0.999682309137	5.09892150526e-05	0.000190845347768	7.47841820771e-05	9.71223143859e-07	52
refT	0.000103743601894	0.998936901042	0.000753543054296	0.000203281382089	1.40194056613e-06	52
refG	0.000152288983575	0.00015549506744	0.999573408944	0.000115953366441	2.67173655395e-06	52
refC	0.000217159476491	0.000179488955059	0.000185582715878	0.999414656535	2.76989128177e-06	52
refN	0.0	0.0	0.0	0.0	1.0	52
refA	0.999618512032	4.85786612401e-05	0.000238035440077	8.16121508834e-05	1.31162385348e-05	53
refT	0.000103914015071	0.998782555304	0.000843236679671	0.000257911178388	1.09024540402e-05	53
refG	0.000159841522459	0.000218450080693	0.999453042995	0.000157710302159	1.06561014972e-05	53
refC	0.000291816068667	0.000189512734249	0.000167151349677	0.999345501413	5.59034614305e-06	53
refN	0.0	0.0	0.0	0.0	1.0	53
refA	0.99962403023	4.44160919013e-05	0.000216711481365	0.000106403384994	8.29751167387e-06	54
refT	0.000105250454943	0.998739178059	0.000850231688135	0.000296209749415	7.54237787862e-06	54
refG	0.000165380701527	0.000197702662737	0.999469638702	0.000162148505406	4.84829418156e-06	54
refC	0.000242480329061	0.00017796721399	0.00018686557469	0.99938786322	4.44918034975e-06	54
refN	0.0	0.0	0.0	0.0	1.0	54
refA	0.99927928778	6.10985519643e-05	0.000305011668861	0.000127008013532	0.000227074933285	55
refT	0.00014122720269	0.997911861957	0.00141501430268	0.000257088354412	0.000270456948841	55
refG	0.00017604065251	0.00033544331652	0.999038366491	0.000209853338815	0.000239372350669	55
refC	0.000267004760745	0.000198154476528	0.000374478375133	0.998931960984	0.000227261913758	55
refN	0.0	0.0	0.0	0.0	1.0	55
refA	0.999296553998	6.42166306367e-05	0.000381378157522	0.000115197772516	0.000142158953318	56
refT	0.000156190308763	0.997694778978	0.00178570824867	0.000251189176214	0.0001068314666	56
refG	0.000158513556355	0.000421995956049	0.998978427032	0.000288929392018	0.000151091516927	56
refC	0.000267324480447	0.000212531263958	0.000483176545404	0.998874643859	0.000161058848468	56
refN	0.0	0.0	0.0	0.0	1.0	56
refA	0.999279581391	6.92400390101e-05	0.000367807015735	0.000138971142127	0.000143881783191	57
refT	0.000108708638621	0.99754613872	0.00191195225433	0.000330988283084	9.62054086194e-05	57
refG	0.000189266408731	0.000508087007101	0.99879684575	0.000419051823275	8.53031701324e-05	57
refC	0.000277809906081	0.000236857848213	0.000490871288236	0.998913591464	7.96904909875e-05	57
refN	0.0	0.0	0.0	0.0	1.0	57
refA	0.999078305306	8.07591937652e-05	0.000427211356367	0.000161996252582	0.000250879152229	58
refT	0.000136242240827	0.997101518198	0.00215687391648	0.000364492228707	0.000232496499282	58
refG	0.0002006159336	0.000776319636672	0.998391957328	0.00040763450338	0.000220890948166	58
refC	0.000309738554565	0.000268326623277	0.000591112772631	0.998602524432	0.000226347405259	58
refN	0.0	0.0	0.0	0.0	1.0	58
refA	0.999134277878	8.35816891957e-05	0.000358623759456	0.00017396653914	0.000248801307373	59
refT	0.00016560653648	0.99741713141	0.00194900944262	0.00032410113581	0.000137497451556	59
refG	0.000183056655771	0.000640434524802	0.998642379523	0.000334460863859	0.000197827798024	59
refC	0.000286640466524	0.000228522419178	0.000539425759837	0.998757666424	0.000186203452663	59
refN	0.0	0.0	0.0	0.0	1.0	59
refA	0.99907679917	7.3374291618e-05	0.000398387932342	0.000179249947308	0.000271337145514	60
refT	0.000153291339965	0.99717725517	0.00204731386933	0.000401918233645	0.000212275927155	60
refG	0.000196421246897	0.000661214839153	0.998500436562	0.000423303542778	0.000216378485886	60
refC	0.000289219522041	0.000266546481116	0.000505995913323	0.998725923498	0.000210693380302	60
refN	0.0	0.0	0.0	0.0	1.0	60
refA	0.999143224538	8.68031410268e-05	0.000353447043849	0.000187513967632	0.00022827787364	61
refT	0.000168283567711	0.997468647846	0.00182707873514	0.00040409268465	0.000125505601969	61
refG	0.000179332229062	0.000540144378552	0.998601510648	0.000491821322817	0.000185238380319	61
refC	0.000293044255201	0.000231786416543	0.000445912915636	0.998835297985	0.000192603474699	61
refN	0.0	0.0	0.0	0.0	1.0	61
refA	0.998999554709	0.000101498585333	0.000404051784675	0.000278756880293	0.000215138149773	62
refT	0.000116042061216	0.997498327063	0.00192293264582	0.00032744194917	0.000129013530294	62
refG	0.000208930150684	0.000655353054929	0.998454706259	0.000509366417996	0.000169259868908	62
refC	0.000382272424594	0.00029707387835	0.000534172464278	0.99862034901	0.00016423140822	62
refN	0.0	0.0	0.0	0.0	1.0	62
refA	0.999043403538	0.000108477544657	0.000396114835016	0.000209101511421	0.000241988368851	63
refT	0.000179191467619	0.997258555207	0.00201991448642	0.000356335032751	0.000178508833457	63
refG	0.000177804750155	0.000603684391245	0.998391851765	0.000585052156947	0.000239024948562	63
refC	0.000342461139082	0.000299232437919	0.000550744881048	0.998580986113	0.000224564681365	63
refN	0.0	0.0	0.0	0.0	1.0	63
refA	0.998997901872	0.000111340815695	0.000413273770049	0.000266926235008	0.000209554111636	64
refT	0.000191448081918	0.997013860109	0.00214978013774	0.000502328393711	0.000133692794636	64
refG	0.000196015121761	0.000653037116529	0.998313614568	0.00064523810638	0.000189255979631	64
refC	0.000402140230297	0.000294939865039	0.000615430076201	0.998499167533	0.000186073172859	64
refN	0.0	0.0	0.0	0.0	1.0	64
refA	0.99889685631	0.000130704044434	0.000449876467545	0.000272177710506	0.000249169882459	65
refT	0.000175492597011	0.996902386538	0.00231042222206	0.000434585998109	0.000167547066044	65
refG	0.000235987270353	0.000812027467026	0.998015669261	0.000695873376274	0.000236512854474	65
refC	0.000378577726288	0.000320762625651	0.000717129613673	0.998388033473	0.000192902306934	65
refN	0.0	0.0	0.0	0.0	1.0	65
refA	0.99882642506	0.000156228545866	0.000455585728474	0.000345449455456	0.000214935546021	66
refT	0.000265931360698	0.997017882659	0.0021488635406	0.000428943831152	0.000129512026314	66
refG	0.00021661513121	0.000673437140594	0.998382425363	0.000549580469036	0.000175329574024	66
refC	0.000436807823885	0.00032360225638	0.000667084514859	0.998383798604	0.000186098908533	66
refN	0.0	0.0	0.0	0.0	1.0	66
refA	0.998982849146	0.000188543013474	0.000465840371713	0.000336786756892	2.49471671772e-05	67
refT	0.000227504556016	0.997107904236	0.00209730762577	0.000543370256555	1.55732285368e-05	67
refG	0.000287198321651	0.000887752432911	0.997845651956	0.000949142408729	2.56236420804e-05	67
refC	0.000490719305785	0.000353761488238	0.000796795076172	0.998324871602	3.10511651118e-05	67
refN	0.0	0.0	0.0	0.0	1.0	67
refA	0.999117204234	0.000194819167104	0.000307252119264	0.000375099590395	4.84624793792e-06	68
refT	0.000181734304447	0.997940087959	0.00142421048719	0.000445982120481	3.75061416307e-06	68
refG	0.000180718741222	0.000437752728005	0.998707862933	0.000665108563736	6.88957077974e-06	68
refC	0.000493272177179	0.000354868087062	0.000474449220923	0.998672328442	3.32169816282e-06	68
refN	0.0	0.0	0.0	0.0	1.0	68
refA	0.999106088634	0.000228070684217	0.000308190342681	0.000356360444089	4.91531647019e-07	69
refT	0.000205510976641	0.998151629308	0.00120131155964	0.000437781195032	3.56789890002e-07	69
refG	0.000220444950729	0.000314846018147	0.998877002468	0.000585392094042	1.05476052981e-06	69
refC	0.00053418774271	0.000350304934443	0.000387408883886	0.998726478645	0.0	69
refN	0.0	0.0	0.0	0.0	1.0	69
refA	0.998988304396	0.000245606492438	0.000309282249736	0.000449081656738	6.7027112946e-06	70
refT	0.000249862558096	0.997866024943	0.00141273830117	0.000464730360156	2.09968536215e-06	70
refG	0.000238233443306	0.000430305840805	0.998657939198	0.000669069870845	2.65293366711e-06	70
refC	0.000617061412702	0.000353804233913	0.000452176343185	0.998573248493	1.67679731712e-06	70
refN	0.0	0.0	0.0	0.0	1.0	70
refA	0.998898731496	0.000287901755471	0.000346260219418	0.000452278095588	1.36169749209e-05	71
refT	0.000221967867312	0.99764090008	0.00152142626572	0.000594323266431	1.5830266506e-05	71
refG	0.000240845499457	0.000497501425573	0.998552835745	0.000694604744604	1.21213271061e-05	71
refC	0.000578514981081	0.000314386037016	0.000518764881684	0.998570658459	1.56355400292e-05	71
refN	0.0	0.0	0.0	0.0	1.0	71
refA	0.998841282806	0.000277180523645	0.000306667813395	0.000544531950707	2.89958349203e-05	72
refT	0.000263468513936	0.998219473964	0.000983802642463	0.000503112747356	2.69774941131e-05	72
refG	0.000218157150645	0.000335463063765	0.99873457548	0.000674110903452	3.6094127114e-05	72
refC	0.000696630485421	0.000397841316283	0.000446823147289	0.998429028843	2.72121283368e-05	72
refN	0.0	0.0	0.0	0.0	1.0	72
refA	0.998834988386	0.000315017605188	0.000323608994421	0.000516437952748	8.59138923241e-06	73
refT	0.000218674521021	0.998190366368	0.00110115713498	0.000484410063557	2.12305360215e-06	73
refG	0.000277080025847	0.00038887486253	0.998745148362	0.000585184456131	2.1396140992e-06	73
refC	0.000706662772468	0.000436978325651	0.000444251972557	0.99840340726	6.15462430495e-06	73
refN	0.0	0.0	0.0	0.0	1.0	73
refA	0.998647116843	0.00038587765164	0.000339939835968	0.000621852957404	3.38489168105e-06	74
refT	0.000271376035117	0.997735601004	0.00148998201746	0.000495856084496	2.06894054727e-06	74
refG	0.000271294316115	0.000468843947095	0.998310712445	0.00094253243555	3.76797661271e-06	74
refC	0.000772345043063	0.0005093362559	0.000571613178019	0.998137683307	5.56043947489e-06	74
refN	0.0	0.0	0.0	0.0	1.0	74
refA	0.998600049011	0.000373944932309	0.000346427302599	0.000665828361733	1.17932698757e-05	75
refT	0.000247723054267	0.997779254105	0.00136211673589	0.000581861127464	2.41241927847e-05	75
refG	0.000276017441318	0.000500881071118	0.998257205508	0.000933557060212	2.93068711824e-05	75
refC	0.000816281248861	0.000482916554956	0.000585699470369	0.998091345179	2.01215231232e-05	75
refN	0.0	0.0	0.0	0.0	1.0	75
refA	0.998243362741	0.000474951433	0.000429695278402	0.000764590822433	8.43193617263e-05	76
refT	0.000288848215071	0.997661319343	0.00142322745675	0.000547066409802	7.40819096607e-05	76
refG	0.000288969134484	0.000490291380752	0.998421994607	0.000711798970972	8.44597286452e-05	76
refC	0.000837922826915	0.000492202491095	0.000599398244571	0.997994061477	7.23992261701e-05	76
refN	0.0	0.0	0.0	0.0	1.0	76
refA	0.998053887532	0.000565452712876	0.000515008758031	0.000834967557331	2.69034425837e-05	77
refT	0.000295364895574	0.996792815908	0.00226149456008	0.000622596305403	1.7475185237e-05	77
refG	0.00030951904476	0.000825028350344	0.997986749443	0.000849042758989	2.56153692215e-05	77
refC	0.000921250865263	0.000620388090358	0.000794006270614	0.997629908615	2.88421081206e-05	77
refN	0.0	0.0	0.0	0.0	1.0	77
refA	0.997946959865	0.000596761943303	0.000543488354589	0.00087143861172	3.71448875439e-05	78
refT	0.000338806126767	0.996784063708	0.00213399850898	0.000697844603209	3.49779604557e-05	78
refG	0.000323359548101	0.00091518904034	0.99772807244	0.000999425561273	2.88034555451e-05	78
refC	0.000921009206803	0.000628259851783	0.00103010494023	0.997368215652	4.55022405742e-05	78
refN	0.0	0.0	0.0	0.0	1.0	78
refA	0.99766796161	0.000603564345929	0.000582245354118	0.0010090989457	0.000131703993853	79
refT	0.000358101421727	0.996623695848	0.00211799548636	0.000752867303133	0.00013597886988	79
refG	0.000379850016303	0.000883599608738	0.997462876108	0.00113248559939	0.000134767960004	79
refC	0.00109115823955	0.000626446684734	0.000829169484569	0.997319774852	0.000126286334323	79
refN	0.0	0.0	0.0	0.0	1.0	79
refA	0.996986765903	0.000753441892232	0.00081670800532	0.00109565404939	0.000338377847275	80
refT	0.000419528916177	0.995384627619	0.00297318318856	0.000865902176457	0.00033555430129	80
refG	0.000419048535335	0.00127211162512	0.996780526151	0.00119033302065	0.000327648918571	80
refC	0.00110312096471	0.000720577994821	0.00114424855941	0.996718212845	0.000303104739026	80
refN	0.0	0.0	0.0	0.0	1.0	80
refA	0.997191577165	0.000722098394641	0.000706084115728	0.00113652852167	0.000235846653088	81
refT	0.00043862086837	0.995070630227	0.00339426705886	0.000926095392782	0.000146206956123	81
refG	0.000373294739962	0.00115886922134	0.996910670321	0.00136447505093	0.000183176102728	81
refC	0.00130605978606	0.000822845277476	0.00136570226255	0.996321265436	0.000170643752174	81
refN	0.0	0.0	0.0	0.0	1.0	81
refA	0.996360973262	0.000986932466633	0.000884982484427	0.00140889211521	0.000345025171262	82
refT	0.000480131382356	0.99490084688	0.00342926081734	0.000967585029803	0.000196306440281	82
refG	0.000516463533172	0.00179729309544	0.99573897413	0.00164844565665	0.00028074427957	82
refC	0.00133308325192	0.000884056469877	0.0015178448954	0.99595590736	0.000292819210732	82
refN	0.0	0.0	0.0	0.0	1.0	82
refA	0.996658123209	0.00083532838637	0.0008564637797	0.00147467403459	0.000164279648153	83
refT	0.000516691346874	0.995227721043	0.00315278687798	0.000989747901721	9.03863549157e-05	83
refG	0.000489658331967	0.00142379193094	0.996381767313	0.00155093497421	0.000140803039664	83
refC	0.00140341617216	0.000916973116473	0.00145653351732	0.996065076119	0.000142578137013	83
refN	0.0	0.0	0.0	0.0	1.0	83
refA	0.996584676108	0.000790709239425	0.000982425818092	0.00156828054072	6.22835585517e-05	84
refT	0.000572016972449	0.994700315954	0.00361303871016	0.00103646910948	5.02206681913e-05	84
refG	0.000493635922022	0.00158623772395	0.996280805252	0.00157994936826	4.55905787855e-05	84
refC	0.00148973119777	0.00106600026358	0.00159816627936	0.99577326047	5.50516568046e-05	84
refN	0.0	0.0	0.0	0.0	1.0	84
refA	0.996221658253	0.00111765910921	0.000902797959057	0.00169649790618	4.71646427159e-05	85
refT	0.000577609614063	0.994896789817	0.00323332309101	0.00122943722323	3.6929727032e-05	85
refG	0.000482452120841	0.00146947752963	0.996483049504	0.00153426094761	1.84343059273e-05	85
refC	0.00171868314575	0.00119591933455	0.00167928162707	0.995344026851	4.05114206134e-05	85
refN	0.0	0.0	0.0	0.0	1.0	85
refA	0.996131727099	0.00090058801691	0.00104908923246	0.00188500736518	1.86824109891e-05	86
refT	0.000569734242359	0.994521317163	0.00366555200387	0.00120364466061	9.89951649396e-06	86
refG	0.000614889991354	0.00199314597027	0.995575018378	0.00178590915577	1.1542303592e-05	86
refC	0.00187468668872	0.00126360716156	0.00185844351155	0.994974209612	3.92076690201e-06	86
refN	0.0	0.0	0.0	0.0	1.0	86
refA	0.995725575983	0.00119286025676	0.00109598317274	0.0019629841469	4.40350381906e-06	87
refT	0.000694117381262	0.994113696285	0.00387482251693	0.00126658174127	1.63362628539e-05	87
refG	0.000558668720611	0.0017796602061	0.995979666173	0.00166484341861	1.06311840269e-06	87
refC	0.00189276487204	0.00123700812766	0.00185934702625	0.994979777058	6.02616891242e-06	87
refN	0.0	0.0	0.0	0.0	1.0	87
refA	0.995585976535	0.00114749874745	0.00109188261097	0.00215096596197	4.27816434426e-06	88
refT	0.000775786371735	0.993904188873	0.00384234486404	0.00142476150963	1.59846093077e-05	88
refG	0.000611034673046	0.0016666023565	0.99609554713	0.00160793034205	3.70003694751e-06	88
refC	0.00203976257297	0.00127081770777	0.00177046495014	0.994883450151	9.45880080211e-06	88
refN	0.0	0.0	0.0	0.0	1.0	88
refA	0.995008793572	0.00136780037011	0.00109002578514	0.00248847714394	2.01147113252e-05	89
refT	0.000846726556518	0.993949917952	0.00365505939905	0.0014717243912	4.01883308331e-05	89
refG	0.000581890010207	0.00156533654998	0.996020031421	0.00179756832883	1.93963336736e-05	89
refC	0.00246531300131	0.00131490820542	0.00175917931823	0.994404282567	2.51790932953e-05	89
refN	0.0	0.0	0.0	0.0	1.0	89
refA	0.995296668634	0.00108547928331	0.00109628495943	0.00249954935419	0.0	90
refT	0.000867385663601	0.993655301584	0.00393659647327	0.00150071487829	0.0	90
refG	0.000682832258544	0.00180694355706	0.995644657853	0.00184667958436	0.0	90
refC	0.00250706717232	0.00151082609873	0.0018970439267	0.994049868146	0.0	90
refN	0.0	0.0	0.0	0.0	1.0	90
refA	0.99467724038	0.00138138055201	0.00107567689314	0.00283418719254	3.33321746435e-06	91
refT	0.000926719434878	0.993727127501	0.0036660515032	0.00162799133472	1.30065885597e-05	91
refG	0.000615954136055	0.00156657668603	0.99609092188	0.00170824613733	3.07977068028e-06	91
refC	0.00268238176845	0.00153628353617	0.00181840002412	0.993924540006	1.70634972548e-06	91
refN	0.0	0.0	0.0	0.0	1.0	91
refA	0.994471115262	0.0011996341116	0.00113142910767	0.00316742103336	0.0	92
refT	0.000994011905164	0.993709720084	0.00364146077622	0.0016154869492	0.0	92
refG	0.000641118599309	0.00179157030807	0.995449322535	0.00209635605488	1.01764857033e-06	92
refC	0.00306416706293	0.00180388649871	0.00196447155034	0.993120470329	0.0	92
refN	0.0	0.0	0.0	0.0	1.0	92
refA	0.9940035319	0.00129196026777	0.00132262701226	0.00334613752353	0.0	93
refT	0.00100566380193	0.992850608077	0.00437144632395	0.00172153083075	0.0	93
refG	0.000827253290295	0.00211154972463	0.9947275298	0.00230601404303	0.0	93
refC	0.00339631632447	0.00205805301616	0.00236144465635	0.992122617849	0.0	93
refN	0.0	0.0	0.0	0.0	1.0	93
refA	0.99312143433	0.00161285057899	0.00142852479854	0.00378875881548	1.44004515982e-06	94
refT	0.00138049933809	0.991896497152	0.00470890365755	0.00194544106109	3.51988612464e-06	94
refG	0.00085344557938	0.00227809897069	0.994366147305	0.00246763846222	3.1072047793e-06	94
refC	0.00368378344168	0.00194841007929	0.00251462437728	0.991780522225	5.65084129725e-06	94
refN	0.0	0.0	0.0	0.0	1.0	94
refA	0.992603388738	0.00183375271757	0.00157998312092	0.00392419192371	4.37533787331e-06	95
refT	0.00143967034797	0.991587613231	0.00470363732748	0.00219786447746	1.03672852711e-06	95
refG	0.000940817745598	0.00234215436613	0.99434766886	0.00233556103422	2.02871751072e-06	95
refC	0.00380887915949	0.00195707342251	0.00265263248448	0.991505911388	3.96168709011e-06	95
refN	0.0	0.0	0.0	0.0	1.0	95
refA	0.992228715874	0.00175610502872	0.00176003038224	0.004187370862	7.85070702977e-06	96
refT	0.00134478060289	0.991233338432	0.00498441695919	0.00234736722769	1.39103243123e-05	96
refG	0.00100997873538	0.00299149051353	0.993486503686	0.00245688757181	1.29884096628e-05	96
refC	0.00407999924619	0.00277413343665	0.00311556524424	0.989923685833	6.09699656407e-06	96
refN	0.0	0.0	0.0	0.0	1.0	96
refA	0.991743968783	0.00181124504184	0.00173800501887	0.00463243145312	6.74579158973e-06	97
refT	0.00134672802605	0.99078391652	0.00515287153669	0.00262762083836	4.7025152669e-06	97
refG	0.000986254052061	0.00275956040074	0.993445266112	0.00275185930195	1.43753844132e-05	97
refC	0.00434122515257	0.00248933043278	0.00316120687076	0.989901057971	6.21062253586e-06	97
refN	0.0	0.0	0.0	0.0	1.0	97
refA	0.990931770116	0.0020403780587	0.00181163179573	0.00513231330517	2.41293526336e-06	98
refT	0.00150734933796	0.990477207073	0.00530154188032	0.00261634534353	7.72819516081e-06	98
refG	0.00101681302612	0.00276352909383	0.993384362873	0.00279030062408	1.51536963654e-06	98
refC	0.00475209430356	0.00257839809137	0.00324449381884	0.989311402658	5.7323212347e-07	98
refN	0.0	0.0	0.0	0.0	1.0	98
refA	0.990350125528	0.00202598039435	0.00186020933807	0.0056625209013	8.93376949981e-06	99
refT	0.00166831850116	0.989938981772	0.0054033189167	0.00288470057838	4.46441756178e-06	99
refG	0.00120993898166	0.00329857889676	0.992400370427	0.0030240806994	9.71222672222e-06	99
refC	0.00497811112454	0.00299778187531	0.00347727104392	0.988404453213	9.46726581465e-06	99
refN	0.0	0.0	0.0	0.0	1.0	99
refA	0.98974974691	0.00178729711975	0.00205500440773	0.0063005612171	3.38869984785e-06	100
refT	0.00187799754901	0.988580621569	0.00611106891827	0.00329888614457	2.49591472244e-06	100
refG	0.00135731907623	0.00416346188551	0.990751049466	0.00364137698241	2.03343681832e-06	100
refC	0.00560299373092	0.0031752699118	0.00372055186524	0.98733844068	4.43318661333e-06	100
refN	0.0	0.0	0.0	0.0	1.0	100
