errmodel	readA	readT	readG	readC	readN	pos
refA	1.0	0.0	0.0	0.0	0.0	0
refT	0.0	1.0	0.0	0.0	0.0	0
refG	0.0	0.0	1.0	0.0	0.0	0
refC	0.0	0.0	0.0	1.0	0.0	0
refN	0.0	0.0	0.0	0.0	1.0	0
refA	0.997709507419	6.23535665461e-05	0.000686668651589	2.80591049457e-05	0.00150817689083	1
refT	6.80190382638e-05	0.998191137636	6.89024023971e-05	0.000177556190793	0.001491118657	1
refG	0.000229086648347	0.000253256340604	0.998028919707	4.20342474031e-05	0.00144282554211	1
refC	0.00020913001912	0.000159015913156	7.70986245605e-05	0.998037852453	0.001513060507	1
refN	0.0	0.0	0.0	0.0	1.0	1
refA	0.995248236776	0.00120043436872	0.00191243762182	0.00161641876386	0.0	2
refT	0.00190368623703	0.995183990041	0.00158467059712	0.00130457034023	0.0	2
refG	0.00120239142294	0.000657874095044	0.997475503352	0.000657874095044	0.0	2
refC	0.0025961625506	0.00155942183923	0.00193445901964	0.993872640706	0.0	2
refN	0.0	0.0	0.0	0.0	1.0	2
refA	0.999430655455	2.63247953247e-05	0.00052514591699	1.75498635498e-05	0.0	3
refT	0.000135232985893	0.999627542663	7.40357802515e-05	0.000163049897548	0.0	3
refG	0.000227673617712	0.000189359610848	0.99955771978	2.50514660265e-05	0.0	3
refC	0.000132299632207	0.00019429145987	0.000215459401023	0.999457655529	0.0	3
refN	0.0	0.0	0.0	0.0	1.0	3
refA	0.999476325491	3.86681047519e-05	0.00047299378134	1.17385317997e-05	0.0	4
refT	9.78702713911e-05	0.999708538742	4.91585838038e-05	0.000144347477897	0.0	4
refG	0.000165353557648	0.000146160733993	0.99964259051	4.57675025633e-05	0.0	4
refC	0.000135712196549	0.000161450716584	0.000155991030516	0.999546640615	0.0	4
refN	0.0	0.0	0.0	0.0	1.0	4
refA	0.99974067418	2.48512117652e-05	0.000213586090307	2.0821285533e-05	0.0	5
refT	4.75843035244e-05	0.999744437002	2.95794319206e-05	0.000178333966362	0.0	5
refG	0.00015403267114	0.000205622560996	0.999583422424	5.67488788411e-05	0.0	5
refC	9.77832849894e-05	0.000222817649402	6.01126751984e-05	0.999619141392	0.0	5
refN	0.0	0.0	0.0	0.0	1.0	5
refA	0.999820423676	4.19624099356e-05	0.000121759779649	1.58218922708e-05	0.0	6
refT	4.47474273552e-05	0.999781974909	4.12030766736e-05	0.00013202706289	0.0	6
refG	0.00014772338614	0.000185563859437	0.99963747332	2.91080563823e-05	0.0	6
refC	9.15079131468e-05	0.000162426545836	4.8804220345e-05	0.999697169642	0.0	6
refN	0.0	0.0	0.0	0.0	1.0	6
refA	0.999806338553	2.23412249761e-05	0.000152326533928	1.89561908888e-05	0.0	7
refT	5.3553235208e-05	0.999805063348	1.97532424948e-05	0.000121592181579	0.0	7
refG	0.000129896571679	0.000167114128733	0.999659087757	4.37853612402e-05	0.0	7
refC	8.44443367171e-05	0.000143868129222	3.98764923386e-05	0.999731739097	0.0	7
refN	0.0	0.0	0.0	0.0	1.0	7
refA	0.999825085725	2.9490190054e-05	0.000126876399069	1.85170960804e-05	0.0	8
refT	5.11702947409e-05	0.999806031266	1.67700965958e-05	0.000125990725707	0.0	8
refG	0.000187643040881	0.000158092955703	0.999612743975	4.13701192494e-05	0.0	8
refC	0.000102652651771	0.000138657686347	3.75371637072e-05	0.999721074721	0.0	8
refN	0.0	0.0	0.0	0.0	1.0	8
refA	0.999806212668	3.70712586532e-05	0.000153181238586	3.49728855219e-06	0.0	9
refT	5.67880992639e-05	0.999761689392	4.99564482246e-05	0.000131509282506	0.0	9
refG	0.000170174819329	0.00018726661341	0.999596322145	4.60735318706e-05	0.0	9
refC	8.63271435257e-05	0.000169625264472	4.31635717628e-05	0.999700794523	0.0	9
refN	0.0	0.0	0.0	0.0	1.0	9
refA	0.999793243272	3.60389519873e-05	0.000153675531116	1.69995056544e-05	0.0	10
refT	5.06883661148e-05	0.999769133617	2.21761601752e-05	0.000157948569411	0.0	10
refG	0.000184421863175	0.000148419188691	0.999631755468	3.52679260255e-05	0.0	10
refC	7.95339013254e-05	0.000161318762122	4.57695092533e-05	0.999713295651	0.0	10
refN	0.0	0.0	0.0	0.0	1.0	10
refA	0.999767716273	3.36664479493e-05	0.000186883139637	1.16801962273e-05	0.0	11
refT	8.09761256119e-05	0.999726357148	7.52859113797e-05	0.000117305954941	0.0	11
refG	0.000166341068071	0.000150219907289	0.999639342195	4.39668021333e-05	0.0	11
refC	7.69276600944e-05	0.0001802520663	4.82683357455e-05	0.999694458611	0.0	11
refN	0.0	0.0	0.0	0.0	1.0	11
refA	0.999798553208	3.55422740504e-05	0.00015471342822	1.11505173492e-05	0.0	12
refT	5.82797375599e-05	0.999756028998	4.44652812494e-05	0.000141166475423	0.0	12
refG	0.000143252162006	0.000134436644344	0.99967077899	5.14238530277e-05	0.0	12
refC	6.91275581842e-05	0.000155351179145	4.68283458667e-05	0.999728619289	0.0	12
refN	0.0	0.0	0.0	0.0	1.0	12
refA	0.999786072719	3.484970552e-05	0.00016536526933	1.36665511843e-05	0.0	13
refT	7.494176307e-05	0.999719450644	8.84043552383e-05	0.000117124551864	0.0	13
refG	0.000150613806364	0.000134450373486	0.999675891629	3.89391792062e-05	0.0	13
refC	7.99714472314e-05	0.000171050039912	5.2573821791e-05	0.999696312493	0.0	13
refN	0.0	0.0	0.0	0.0	1.0	13
refA	0.999810463768	2.94170163073e-05	0.000149137431511	1.09458665329e-05	0.0	14
refT	6.01002890911e-05	0.999692435838	7.66496440582e-05	0.000170719661766	0.0	14
refG	0.00015075504395	0.000141052986666	0.999654338057	5.3734471111e-05	0.0	14
refC	6.91944206976e-05	0.00015698949212	5.43139001175e-05	0.999719423486	0.0	14
refN	0.0	0.0	0.0	0.0	1.0	14
refA	0.9997943563	3.13629283218e-05	0.000165178089161	9.06040151518e-06	0.0	15
refT	6.46687074201e-05	0.999741692483	4.81760169371e-05	0.000145396087153	0.0	15
refG	0.000166065702443	0.000151916606719	0.999649873507	3.20216376908e-05	0.0	15
refC	6.20155496608e-05	0.000155777154505	4.79882229518e-05	0.999734148415	0.0	15
refN	0.0	0.0	0.0	0.0	1.0	15
refA	0.999805172364	3.6480047135e-05	0.000144543582988	1.37660555226e-05	0.0	16
refT	7.85517716087e-05	0.99975407693	3.81663975048e-05	0.000129144438069	0.0	16
refG	0.00016764670756	0.000134265725966	0.999663851828	3.41227811847e-05	0.0	16
refC	6.1290753736e-05	0.000147688563219	5.16909971267e-05	0.999739261719	0.0	16
refN	0.0	0.0	0.0	0.0	1.0	16
refA	0.999809016607	2.87446984852e-05	0.000144407890009	1.77943371575e-05	0.0	17
refT	7.30987790763e-05	0.999688362878	8.35414618015e-05	0.000154899793757	0.0	17
refG	0.00016965224993	0.000147427064349	0.99963685681	4.59320501993e-05	0.0	17
refC	5.96200266651e-05	0.000131164058663	5.66390253318e-05	0.999752515656	0.0	17
refN	0.0	0.0	0.0	0.0	1.0	17
refA	0.999804032878	3.90462942626e-05	0.000148515369249	8.36706305628e-06	0.0	18
refT	6.95626912974e-05	0.999768508288	4.72501299379e-05	0.00011462531522	0.0	18
refG	0.000155713121819	0.000139477630445	0.999662630786	4.20646821976e-05	0.0	18
refC	6.97664000611e-05	0.000138064033805	4.33286063537e-05	0.999748777863	0.0	18
refN	0.0	0.0	0.0	0.0	1.0	18
refA	0.999705589602	2.95699091104e-05	0.000185671522321	2.20055137565e-05	5.7076801306e-05	19
refT	7.2169936143e-05	0.999451296674	0.000270860007253	0.000156813688409	4.8558784195e-05	19
refG	0.000171780564277	0.000192335503592	0.999537299873	5.43237681902e-05	4.40462985326e-05	19
refC	9.48710085229e-05	0.000150764005792	5.73638656185e-05	0.999652018586	4.48614846504e-05	19
refN	0.0	0.0	0.0	0.0	1.0	19
refA	0.949386192593	0.00630074917821	0.00600041963853	0.00821723562429	0.0276570593213	20
refT	0.00853712937976	0.946829081548	0.00673465511835	0.00757560365883	0.027639116474	20
refG	0.0086389557248	0.00570922291378	0.947804948359	0.00711222467471	0.0281454673469	20
refC	0.0105858334352	0.00684874151966	0.00642560460041	0.945525313112	0.0278003179085	20
refN	0.0	0.0	0.0	0.0	1.0	20
refA	0.999773554354	2.85605218356e-05	0.000167880140546	2.99537180227e-05	0.0	21
refT	8.50510150237e-05	0.999737653455	2.18193703464e-05	0.000155407352059	0.0	21
refG	0.000155318391555	0.000140455387579	0.999666214185	3.79006601403e-05	0.0	21
refC	0.000117428639805	0.000147157409376	5.79711006631e-05	0.999677338773	0.0	21
refN	0.0	0.0	0.0	0.0	1.0	21
refA	0.99976807181	3.47811617044e-05	0.000171859857834	2.52333918248e-05	0.0	22
refT	5.0824755344e-05	0.999759311604	2.15892766063e-05	0.000168216446891	0.0	22
refG	0.000153248382151	0.00015176053378	0.999650977783	4.38915269267e-05	0.0	22
refC	0.000139105566167	0.000160046189031	5.53430747117e-05	0.999645379459	0.0	22
refN	0.0	0.0	0.0	0.0	1.0	22
refA	0.999795823603	3.07226164199e-05	0.000144054934769	2.93571668013e-05	0.0	23
refT	6.9791953299e-05	0.999709634531	3.64518482198e-05	0.000184037380037	0.0	23
refG	0.000153278834192	0.000156240744032	0.999647408452	4.29476926722e-05	0.0	23
refC	8.11481562463e-05	0.000188594326091	4.35795653915e-05	0.999686579751	0.0	23
refN	0.0	0.0	0.0	0.0	1.0	23
refA	0.999767603515	2.69683246654e-05	0.000170799389548	3.45747752121e-05	0.0	24
refT	4.50481774951e-05	0.999765519564	2.40548520605e-05	0.000165322437797	0.0	24
refG	0.000168062498519	0.000178427586534	0.999591893267	6.14501646568e-05	0.0	24
refC	0.000105593062311	0.000142288523682	4.4184331038e-05	0.999707848756	0.0	24
refN	0.0	0.0	0.0	0.0	1.0	24
refA	0.999658470878	5.05290528397e-05	0.000147490208289	0.000143393258059	0.0	25
refT	9.51099448317e-05	0.999725464524	4.98194949118e-05	0.000129530686771	0.0	25
refG	0.000130325769996	0.000161426237836	0.999665928648	4.22077777827e-05	0.0	25
refC	0.000142119085322	0.000145859061251	4.71236967119e-05	0.999664785826	0.0	25
refN	0.0	0.0	0.0	0.0	1.0	25
refA	0.999704055873	3.76669243997e-05	0.00019655286005	6.16367853814e-05	0.0	26
refT	0.000116963277533	0.999695268973	5.64803659572e-05	0.000131194550845	0.0	26
refG	0.000168653523527	0.000170872648837	0.999612242482	4.8081048374e-05	0.0	26
refC	0.000123084079263	0.000169146219355	4.60621400923e-05	0.999661593081	0.0	26
refN	0.0	0.0	0.0	0.0	1.0	26
refA	0.999637922834	4.54152918793e-05	0.000180973057034	0.000135557765155	0.0	27
refT	0.000116209030772	0.999661903739	5.72174235482e-05	0.000164555535941	0.0	27
refG	0.000192268015698	0.000160469843871	0.999593113708	5.3982942869e-05	0.0	27
refC	0.000187220521159	0.000177523840781	4.84834018938e-05	0.999586601408	0.0	27
refN	0.0	0.0	0.0	0.0	1.0	27
refA	0.990615568238	5.43655170399e-05	0.000168533102824	8.97031031158e-05	0.0089845812598	28
refT	0.000138572862017	0.990871367405	5.05542688792e-05	0.000171523412269	0.00868540394441	28
refG	0.000150727314982	0.000181912276703	0.990423739232	3.34124589862e-05	0.00911937380597	28
refC	0.000205473914085	0.000198797866335	4.00562865004e-05	0.990461034998	0.00900450484867	28
refN	0.0	0.0	0.0	0.0	1.0	28
refA	0.984677541204	0.00297896918425	0.00310331940339	0.00390310196038	0.00510583358815	29
refT	0.00336722061142	0.985205572384	0.00312257623965	0.00311809557351	0.00497085102636	29
refG	0.00305674937856	0.00229293426351	0.986945179558	0.00286170107433	0.0046752036282	29
refC	0.0048390930337	0.00335602423595	0.00333652990393	0.98334129908	0.00485408867372	29
refN	0.0	0.0	0.0	0.0	1.0	29
refA	0.99973426922	3.44119412189e-05	0.000175500900216	5.57473447746e-05	0.0	30
refT	6.68664986e-05	0.999660681339	0.000105835054076	0.000166502009759	0.0	30
refG	0.000160060271998	0.000129537150361	0.999662642958	4.76458484088e-05	0.0	30
refC	0.000125837770542	0.000157111062629	4.16977227831e-05	0.999675248014	0.0	30
refN	0.0	0.0	0.0	0.0	1.0	30
refA	0.999723227346	2.99130888799e-05	0.000152284816116	9.44981671435e-05	0.0	31
refT	7.87005681731e-05	0.999678798545	0.000101186444794	0.000141211305179	0.0	31
refG	0.000157023199056	0.000146554985786	0.999650688338	4.56115006782e-05	0.0	31
refC	0.000166038463106	0.000143059925802	5.11457765819e-05	0.999639626012	0.0	31
refN	0.0	0.0	0.0	0.0	1.0	31
refA	0.998821367105	0.000192134045746	0.000242374043573	0.000742737265179	0.0	32
refT	0.000288132014919	0.999263415537	0.000138533518694	0.00030937677178	0.0	32
refG	0.000249409137876	0.000150684687467	0.999478641378	0.000120993123434	0.0	32
refC	0.000588588155171	0.00032774512855	0.00010373584344	0.998978889269	0.0	32
refN	0.0	0.0	0.0	0.0	1.0	32
refA	0.999750558838	3.29757298628e-05	0.000171061598663	4.53416285614e-05	0.0	33
refT	4.72612747679e-05	0.999637970146	0.00011158912098	0.000202173230951	8.75208791997e-07	33
refG	0.000199822527992	0.000144316270216	0.999620933643	3.47839215393e-05	0.0	33
refC	0.000117450706238	0.000205725759334	5.23665569213e-05	0.999622818578	1.49618734061e-06	33
refN	0.0	0.0	0.0	0.0	1.0	33
refA	0.999714611872	3.65084408867e-05	0.00017442921757	7.43690462508e-05	0.0	34
refT	7.41484722044e-05	0.999592241896	0.00017346248649	0.00015998094609	0.0	34
refG	0.000172968975181	0.000189371205586	0.999592760687	4.47333556503e-05	0.0	34
refC	0.000163653220328	0.000194432036995	5.32999020333e-05	0.999588445533	0.0	34
refN	0.0	0.0	0.0	0.0	1.0	34
refA	0.999689179079	3.60358645242e-05	0.000183578932482	8.63500904636e-05	4.75945380508e-06	35
refT	0.000101004076298	0.999502568827	0.000222470185295	0.000171968147146	1.74144959135e-06	35
refG	0.000171508807723	0.000207301950204	0.999567312391	5.3689713722e-05	0.0	35
refC	0.000176574410958	0.000168238279968	9.09396107936e-05	0.999562540751	1.51566017989e-06	35
refN	0.0	0.0	0.0	0.0	1.0	35
refA	0.999718148158	3.51354367748e-05	0.000179810764671	6.68262228854e-05	0.0	36
refT	8.4771721552e-05	0.999652927279	0.000115359456133	0.000146821125987	0.0	36
refG	0.000174651760064	0.000144796758344	0.999649080629	3.13477518064e-05	0.0	36
refC	0.000165261075109	0.00016900001346	5.53362875932e-05	0.999610250779	0.0	36
refN	0.0	0.0	0.0	0.0	1.0	36
refA	0.999700078184	3.74789862139e-05	0.000174447644923	8.79052585743e-05	0.0	37
refT	7.95539998329e-05	0.999667451505	0.000103997966262	0.000148885977341	0.0	37
refG	0.000157730584258	0.000147314413599	0.99965093648	4.38967192038e-05	0.0	37
refC	0.000182363977486	0.000174108818011	5.17823639775e-05	0.9995915781	0.0	37
refN	0.0	0.0	0.0	0.0	1.0	37
refA	0.999751354642	3.93930214583e-05	0.000135838005029	7.33525227155e-05	0.0	38
refT	7.08547355456e-05	0.999614524169	0.000168389340649	0.000146083220199	0.0	38
refG	0.000178699738829	0.000164493483441	0.999618528733	3.81325802523e-05	0.0	38
refC	0.000151299664115	0.000183829091899	5.29548824402e-05	0.999611765694	0.0	38
refN	0.0	0.0	0.0	0.0	1.0	38
refA	0.999619608328	4.41666241103e-05	0.000206340947015	0.000111796767279	1.79426910448e-05	39
refT	9.66967275496e-05	0.999378423745	0.000312105955439	0.00018519150053	2.71959546233e-05	39
refG	0.0002010794002	0.000435049111214	0.999233966408	0.000115863594911	1.3455127151e-05	39
refC	0.000165505619668	0.000208386621128	9.85510735296e-05	0.99951302599	1.42936671532e-05	39
refN	0.0	0.0	0.0	0.0	1.0	39
refA	0.999646051542	3.86358691342e-05	0.000164032988254	0.000151154365209	0.0	40
refT	0.000122384585773	0.999501312394	0.00017667883837	0.000199375616095	0.0	40
refG	0.000175285494376	0.000164049244737	0.999615572535	4.4944998558e-05	0.0	40
refC	0.00019947169772	0.000167466910399	6.54981694006e-05	0.99956737614	0.0	40
refN	0.0	0.0	0.0	0.0	1.0	40
refA	0.999643394773	4.14984053728e-05	0.000229941983869	8.50377159278e-05	0.0	41
refT	0.000102233542999	0.999443036987	0.000336590944534	0.000117828490236	0.0	41
refG	0.000180585080675	0.000285489276918	0.999469953008	6.36918334331e-05	0.0	41
refC	0.000162131753542	0.000193804003071	0.000109344670993	0.999534502986	0.0	41
refN	0.0	0.0	0.0	0.0	1.0	41
refA	0.999640674291	3.51612834282e-05	0.00019855783583	0.000125477521254	0.0	42
refT	0.000104651318671	0.999504174067	0.00023697901914	0.000153949873748	0.0	42
refG	0.000180868740328	0.0001943776089	0.999574289488	5.02830107966e-05	0.0	42
refC	0.000218005289063	0.000196279676064	8.1658338515e-05	0.999503810615	0.0	42
refN	0.0	0.0	0.0	0.0	1.0	42
refA	0.999616526682	4.47779421143e-05	0.000187931666147	0.000145867538706	4.74917567879e-06	43
refT	0.000102062456922	0.999427946452	0.000230634642914	0.000238587561635	4.41828817843e-07	43
refG	0.000180462525453	0.000153393146635	0.999610349948	5.18829760677e-05	3.75963594693e-06	43
refC	0.000209178513243	0.000193433893967	7.34748899564e-05	0.999522185017	1.49948755013e-06	43
refN	0.0	0.0	0.0	0.0	1.0	43
refA	0.999602917271	4.60595699255e-05	0.000182206239853	0.000168659307521	0.0	44
refT	0.000116376287413	0.999542598322	0.000161001781082	0.000179814489198	0.0	44
refG	0.000181480243607	0.000158795213156	0.99959150265	6.80550913526e-05	0.0	44
refC	0.000223494668705	0.000178038125918	7.42456865529e-05	0.999523995046	0.0	44
refN	0.0	0.0	0.0	0.0	1.0	44
refA	0.99965318558	3.59125446662e-05	0.000187850233639	0.000122931402896	0.0	45
refT	8.83415828571e-05	0.999505904996	0.000236583068237	0.000168926343805	0.0	45
refG	0.000164617675449	0.00016536593761	0.999612998751	5.68679242459e-05	0.0	45
refC	0.000161778327573	0.000192629078413	6.09490443416e-05	0.999584470957	0.0	45
refN	0.0	0.0	0.0	0.0	1.0	45
refA	0.988474319606	0.00334386144074	0.00372767265199	0.00430782068177	1.49979514162e-05	46
refT	0.00410104527292	0.987934124433	0.00422645134178	0.00358652462873	8.00464269276e-06	46
refG	0.0041633958555	0.00272686308778	0.989603368981	0.00338589873644	1.34956105527e-05	46
refC	0.00522668968328	0.00373495528543	0.00398295331943	0.986864877667	2.0229446882e-05	46
refN	0.0	0.0	0.0	0.0	1.0	46
refA	0.999531089902	5.19248756365e-05	0.000202233726163	0.000211115612785	3.41611023924e-06	47
refT	0.000102735080035	0.999459250981	0.000249813079229	0.000186591491516	1.3171164107e-06	47
refG	0.000179378498348	0.000183862960807	0.999569306187	6.57721160609e-05	1.49482081957e-06	47
refC	0.00025978105894	0.000231839491554	8.3824702158e-05	0.999414394707	9.81730745995e-06	47
refN	0.0	0.0	0.0	0.0	1.0	47
refA	0.999498053065	5.1544018248e-05	0.000190369240729	0.00025978185197	0.0	48
refT	0.000117892640563	0.999482582545	0.000198532959758	0.00020072427278	0.0	48
refG	0.000175896644324	0.000166952747155	0.999612280855	4.47194858452e-05	0.0	48
refC	0.00030525030525	0.000218035932322	7.36811081639e-05	0.999402676071	0.0	48
refN	0.0	0.0	0.0	0.0	1.0	48
refA	0.999436117074	6.4272134985e-05	0.000221908002896	0.000274678808462	2.70619515726e-06	49
refT	8.87622109681e-05	0.99936705681	0.000342496612018	0.000199042533686	2.24146997394e-06	49
refG	0.0001558606995	0.000249526985257	0.999523198707	7.04370468893e-05	7.49330286057e-07	49
refC	0.000330738309673	0.000253665807645	0.000125710488744	0.999281887311	7.48276718717e-06	49
refN	0.0	0.0	0.0	0.0	1.0	49
refA	0.972319376577	0.00432507628669	0.0043920363935	0.00602914267832	0.0121887892383	50
refT	0.00481831096425	0.972753265037	0.00529919153305	0.00421126945557	0.0121952694832	50
refG	0.00510695601074	0.00341841419848	0.974563158268	0.00400004809376	0.0122804407192	50
refC	0.00704928750439	0.00479890310786	0.00453633303873	0.970775536651	0.012010121433	50
refN	0.0	0.0	0.0	0.0	1.0	50
refA	0.999199587134	7.46546703063e-05	0.000217742788393	0.000505301518462	2.07374084184e-06	51
refT	0.000127452319177	0.999256409133	0.000314295685045	0.000299989812485	1.30053386915e-06	51
refG	0.000148681664338	0.0002121889079	0.999553008151	8.14387005671e-05	4.4828642514e-06	51
refC	0.000412021346486	0.000285012931422	0.000124740407652	0.999173763198	3.78001235308e-06	51
refN	0.0	0.0	0.0	0.0	1.0	51
refA	0.999207265772	6.90869914667e-05	0.000199052618978	0.000519178480428	4.78820732938e-06	52
refT	0.000142860067451	0.99934000513	0.000270143492034	0.00024255058181	4.00542245191e-06	52
refG	0.00015097080957	0.000182360779876	0.999572315664	8.44539677296e-05	9.71594319013e-06	52
refC	0.000482030795742	0.000280933573144	0.000120507698936	0.999109710637	6.02538494678e-06	52
refN	0.0	0.0	0.0	0.0	1.0	52
refA	0.999173194022	9.13370240762e-05	0.000202441016049	0.000526210317812	6.13457624392e-06	53
refT	0.000123105824132	0.999286704469	0.000280383371689	0.000297031134383	1.22667725114e-05	53
refG	0.000162865843909	0.000176252077655	0.999550615634	0.0001018841124	8.18047617808e-06	53
refC	0.000529114205044	0.000317012390091	0.00012543655723	0.9990183515	9.12265870765e-06	53
refN	0.0	0.0	0.0	0.0	1.0	53
refA	0.981708991487	0.00233462283599	0.00259256934726	0.00353193605409	0.00950332882042	54
refT	0.00239487790789	0.982734568661	0.00312159352057	0.00219872518009	0.00925719899953	54
refG	0.00270309303524	0.00216113442063	0.983197825414	0.0023241686742	0.00933613047505	54
refC	0.00350546685002	0.00247128987119	0.00263458097311	0.981486771481	0.00956538107683	54
refN	0.0	0.0	0.0	0.0	1.0	54
refA	0.999055746317	8.89708718874e-05	0.000225483431043	0.000619400268407	9.50833745361e-06	55
refT	0.000167508259395	0.999089588798	0.0004388804791	0.000283747500083	1.94468691646e-05	55
refG	0.000171447994358	0.000187170299517	0.999520614333	0.00011230217971	8.23549317877e-06	55
refC	0.000541462735869	0.000348623353681	0.000158808902978	0.99893560485	1.43684245552e-05	55
refN	0.0	0.0	0.0	0.0	1.0	55
refA	0.999052649985	9.96266729263e-05	0.000223136452376	0.000623007893026	6.82374472098e-07	56
refT	0.000139733684037	0.999159594371	0.000412711871739	0.000287254384523	0.0	56
refG	0.000168484368065	0.00021821323441	0.999489090447	0.00012395105492	0.0	56
refC	0.000564973036757	0.000356425942652	0.0001440870832	0.998933377466	0.0	56
refN	0.0	0.0	0.0	0.0	1.0	56
refA	0.998947872163	9.28391243469e-05	0.000263967958031	0.000666501773297	2.77131714468e-05	57
refT	0.000158252819502	0.998991368475	0.000492534802613	0.000307834251633	4.89933386402e-05	57
refG	0.000161559269278	0.000180086708415	0.99952918148	9.85659762108e-05	3.03850001853e-05	57
refC	0.000674604817853	0.000377959395717	0.000192744233672	0.998724456141	2.86104721857e-05	57
refN	0.0	0.0	0.0	0.0	1.0	57
refA	0.998755902529	0.000140538736327	0.000257429127599	0.000843908084964	6.75667001572e-07	58
refT	0.00020201124365	0.99896154348	0.000421043390313	0.000414324612808	0.0	58
refG	0.00018033569155	0.000197404501862	0.99947652998	0.000144713826553	7.4212218745e-07	58
refC	0.000838231917949	0.000395090203365	0.000188392432879	0.998576261296	0.0	58
refN	0.0	0.0	0.0	0.0	1.0	58
refA	0.998483452616	0.000154905347374	0.000247712075315	0.00111095112566	6.82402411337e-07	59
refT	0.000263340119738	0.998862459611	0.0004822146127	0.000388966308006	1.7268204573e-06	59
refG	0.000187659427068	0.000220295849166	0.999444130268	0.000146122162578	1.48347373176e-06	59
refC	0.000894042530332	0.000444335300483	0.000180343343028	0.998477429292	1.53483696194e-06	59
refN	0.0	0.0	0.0	0.0	1.0	59
refA	0.998548915178	0.000156012378823	0.000258179777344	0.00102857718781	6.21288234251e-06	60
refT	0.000224505318999	0.998764128661	0.000538292676056	0.000462446284502	9.10156698645e-06	60
refG	0.000199436684043	0.00024762770435	0.999403558619	0.000134193456549	1.48280062485e-05	60
refC	0.000893688157271	0.000417356905934	0.000202629802156	0.9984711379	1.28533829726e-05	60
refN	0.0	0.0	0.0	0.0	1.0	60
refA	0.998016134354	0.000181595930083	0.000269683508108	0.00148258169784	4.60765792748e-05	61
refT	0.000281171253726	0.998710192195	0.000506818958138	0.00045973498832	4.04211439006e-05	61
refG	0.000215247411631	0.000207054603576	0.999355332038	0.000192903389663	2.90472285592e-05	61
refC	0.00111667528345	0.000520012985295	0.00024197136021	0.99808008818	3.75731925791e-05	61
refN	0.0	0.0	0.0	0.0	1.0	61
refA	0.998060240536	0.000172589511196	0.000319256487114	0.00127156857261	0.000172589511196	62
refT	0.00020301494852	0.99857864332	0.000645234466819	0.000405588560196	0.000165501316728	62
refG	0.000188416622666	0.000290444596204	0.999135366564	0.000222674190423	0.000162351081981	62
refC	0.000926331771372	0.000560317754391	0.000274887070367	0.998076616898	0.000158154204868	62
refN	0.0	0.0	0.0	0.0	1.0	62
refA	0.998028788123	0.000160669045212	0.000324096357295	0.00140119957026	8.13688726825e-05	63
refT	0.000196096460285	0.998652529278	0.00056475780562	0.000505928867534	7.88743540256e-05	63
refG	0.000207991787296	0.000270389323484	0.999253644246	0.00018867826419	7.87397480477e-05	63
refC	0.00106732701857	0.000539710687859	0.000257005089457	0.998057356824	7.48338348712e-05	63
refN	0.0	0.0	0.0	0.0	1.0	63
refA	0.997799360187	0.000208799606965	0.000421693323871	0.00143703258912	0.000128282111469	64
refT	0.00030486135929	0.99801692415	0.000942622421863	0.000595035966965	0.000136631295331	64
refG	0.000226348939822	0.000561434135047	0.998792829556	0.00032398965896	9.39422070501e-05	64
refC	0.001157675911	0.000607836343642	0.000378862058057	0.997742834064	0.000107708298811	64
refN	0.0	0.0	0.0	0.0	1.0	64
refA	0.990795038315	0.00241846865618	0.00279736437115	0.00373944627589	0.000165723897111	65
refT	0.00248225956968	0.991161337386	0.00350562808915	0.00269104775778	8.22896842002e-05	65
refG	0.00299069981632	0.0023092368731	0.991823837104	0.00266112767238	0.000148791035638	65
refC	0.00390706518832	0.00282595478623	0.00266849689492	0.990384096107	0.000122802087485	65
refN	0.0	0.0	0.0	0.0	1.0	65
refA	0.996353918344	0.000349563080623	0.000406099910231	0.00273996781538	0.000137205232828	66
refT	0.000365512343874	0.997643432032	0.000863740479274	0.00102561023156	9.61645571383e-05	66
refG	0.000232497160638	0.000350602747032	0.99893666304	0.000363230388345	0.000115877179104	66
refC	0.00160477465538	0.000866999041342	0.000457541088542	0.996939637534	0.000121710437346	66
refN	0.0	0.0	0.0	0.0	1.0	66
refA	0.989585085815	0.00264427686364	0.00286196055899	0.00469214134564	0.000109183044692	67
refT	0.00240309322812	0.990668762408	0.00375419990652	0.00303613538556	5.1542054572e-05	67
refG	0.00301481405658	0.00253812226771	0.991336164504	0.00293412014875	0.000102361716419	67
refC	0.00421321355189	0.00313918393168	0.0027926263908	0.989681627577	6.79671039217e-05	67
refN	0.0	0.0	0.0	0.0	1.0	67
refA	0.987253864627	0.00333873264909	0.00318078727904	0.00572500685456	0.000341189349149	68
refT	0.00327352562382	0.988743490217	0.00389692940848	0.00358041865105	0.000380337512383	68
refG	0.00409649488382	0.0034687703335	0.988436263542	0.00349986046453	0.000366419401426	68
refC	0.00548352345742	0.00382130217873	0.00317990157663	0.9869419419	0.000405015873159	68
refN	0.0	0.0	0.0	0.0	1.0	68
refA	0.977491988692	0.00308282206468	0.00262859149808	0.00834277054374	0.0079583684204	69
refT	0.00298270809385	0.980579436004	0.00338282747229	0.00463051626794	0.00805453894459	69
refG	0.00345516545012	0.0028121372317	0.981649728903	0.0035699919177	0.00818231183461	69
refC	0.00562838537274	0.00394522021968	0.00268117433652	0.979362427179	0.00796549548592	69
refN	0.0	0.0	0.0	0.0	1.0	69
refA	0.947064429905	0.00946615487226	0.00888085807233	0.0141696271796	0.0177576326786	70
refT	0.00861264362816	0.952889074655	0.00945942127592	0.00937061726413	0.0175486594407	70
refG	0.0104106717399	0.00827411712434	0.951879396105	0.00938488696985	0.0178416474581	70
refC	0.0127307722056	0.00994484670716	0.00860245601718	0.948334805042	0.0178489620829	70
refN	0.0	0.0	0.0	0.0	1.0	70
refA	0.956599603909	0.00153061956283	0.00118979887481	0.0102177905667	0.0286569410968	71
refT	0.00109336945138	0.963405726573	0.00230081436719	0.00393033850139	0.027977885155	71
refG	0.000688500769062	0.00134940183232	0.965862350926	0.00174997053545	0.0292228668784	71
refC	0.0049539836336	0.00271842872858	0.00130753177536	0.960751735023	0.0287860702974	71
refN	0.0	0.0	0.0	0.0	1.0	71
refA	0.955274198327	0.00943559912675	0.0092718471295	0.0142965945856	0.00980700259286	72
refT	0.0094856878611	0.958910312447	0.0111253786545	0.00920759846596	0.00964929637073	72
refG	0.0116460767947	0.00868707104433	0.958207723061	0.00980448896309	0.00997811166759	72
refC	0.0135943182279	0.0103854137431	0.00956892915946	0.954561537707	0.00991488448394	72
refN	0.0	0.0	0.0	0.0	1.0	72
refA	0.990897589431	0.000963213976378	0.00104319696803	0.00675275206435	0.000261141049664	73
refT	0.000672434175563	0.993828900679	0.00202362919232	0.00327902041525	0.000158166640757	73
refG	0.000430662248614	0.000910263389116	0.997059563103	0.00135974828846	0.000231142150917	73
refC	0.00358992830693	0.00198862737237	0.00117026840064	0.992965420527	0.000236615761624	73
refN	0.0	0.0	0.0	0.0	1.0	73
refA	0.994402698341	0.000602464715218	0.000573808409398	0.00398936714595	0.000400505988486	74
refT	0.000611822247486	0.996435494355	0.00135601414186	0.00124887884237	0.000335129841785	74
refG	0.000310783748917	0.000499340795621	0.99814827121	0.000629020345529	0.000409161338502	74
refC	0.0025429730009	0.00132427656868	0.000674204585647	0.995070871381	0.000363497326937	74
refN	0.0	0.0	0.0	0.0	1.0	74
refA	0.993084019448	0.000722447711366	0.000629790483197	0.0051943781446	0.000321861950483	75
refT	0.000756210573376	0.996087942483	0.00137537184049	0.00151330819728	0.000251922349371	75
refG	0.000358322577499	0.000575532552313	0.998025705068	0.000714428726684	0.00032212091503	75
refC	0.00279769294723	0.00145029658379	0.000723284157467	0.994697274651	0.000303481084628	75
refN	0.0	0.0	0.0	0.0	1.0	75
refA	0.991635044084	0.000894226290253	0.000721501212136	0.0063765474705	0.000303288916694	76
refT	0.000850430961636	0.995517828639	0.00149354965917	0.00194107374232	0.000177116782153	76
refG	0.000415289756974	0.00104635283964	0.997190028752	0.00109955722131	0.000240897617035	76
refC	0.00344126423473	0.00182913368444	0.000905556331461	0.993537767896	0.000244785542335	76
refN	0.0	0.0	0.0	0.0	1.0	76
refA	0.969240385426	0.00480827538466	0.00438379535566	0.0111073409835	0.00954228379794	77
refT	0.00406616706975	0.975489700643	0.00525304589849	0.00509345081402	0.00951125320725	77
refG	0.00476253640274	0.00392642846284	0.976094954838	0.0048534501003	0.00980452064635	77
refC	0.00777970669993	0.00555951897944	0.00452483910426	0.971929952419	0.00943956851134	77
refN	0.0	0.0	0.0	0.0	1.0	77
refA	0.987908809834	0.00125323643659	0.00100589620529	0.00919430469836	0.000493302522595	78
refT	0.00114988221044	0.993414232848	0.00204453147858	0.00299476283346	0.000353502071656	78
refG	0.000428397532012	0.000932921454731	0.996697784371	0.00150312304786	0.000426904857685	78
refC	0.00457927833731	0.00234735490636	0.00121165813218	0.991336746153	0.000450555113689	78
refN	0.0	0.0	0.0	0.0	1.0	78
refA	0.98875088459	0.00130723625042	0.00100385496487	0.00833826608831	0.000474623166734	79
refT	0.00115489200814	0.994028844424	0.0019341288155	0.00252463717068	0.00032205451865	79
refG	0.000725788330462	0.00133922552618	0.995876256095	0.00161111527226	0.000430679349861	79
refC	0.00441374016504	0.00241706596417	0.00119546574255	0.99148442036	0.0004174049657	79
refN	0.0	0.0	0.0	0.0	1.0	79
refA	0.990020888746	0.00114894420792	0.000972288090796	0.00671021466436	0.00104906555709	80
refT	0.000975453738818	0.993986856917	0.00214006222172	0.00208956189192	0.000772123463561	80
refG	0.00058264997842	0.00191388983972	0.995087079093	0.00144285863111	0.000949503668537	80
refC	0.00403839496741	0.00210685892998	0.00125859455201	0.991554810222	0.000970617375319	80
refN	0.0	0.0	0.0	0.0	1.0	80
refA	0.989814412389	0.00102463641823	0.000916563952224	0.00757601666778	0.000565670439171	81
refT	0.00107950303638	0.993871185018	0.00239523093209	0.00231634074322	0.000300406707895	81
refG	0.000510490810046	0.00112696070639	0.996704570471	0.00125234441412	0.000394809413033	81
refC	0.00425808855013	0.00222922586347	0.00126451427142	0.991758558305	0.000422246842981	81
refN	0.0	0.0	0.0	0.0	1.0	81
refA	0.988287422818	0.00138832247844	0.00100675250982	0.00820409080692	0.000977815104787	82
refT	0.00128057672852	0.992794281853	0.0024548481688	0.00272552465903	0.000693217677944	82
refG	0.000991910732519	0.00617047708888	0.990114944438	0.00174462671417	0.000881283160241	82
refC	0.00524870326374	0.00293611895077	0.00159231995809	0.989239216842	0.000869079304231	82
refN	0.0	0.0	0.0	0.0	1.0	82
refA	0.981830469561	0.00170740510924	0.00122343754858	0.0138640483751	0.00105039886768	83
refT	0.0018084310846	0.991317213481	0.0026653089254	0.00340002495591	0.000734279738329	83
refG	0.000768609883419	0.0010317309139	0.995615272549	0.00160837362297	0.000956871127766	83
refC	0.00631121889807	0.00326625389311	0.00173068843272	0.987597938893	0.000941972969861	83
refN	0.0	0.0	0.0	0.0	1.0	83
refA	0.987468649081	0.00151320958672	0.0012467367351	0.00818804626078	0.00142826708389	84
refT	0.001441529086	0.992343167078	0.00245965338504	0.00273926031983	0.000958208527301	84
refG	0.000766770153656	0.00237536857582	0.993438951062	0.00202656910093	0.00134957433954	84
refC	0.00547710905445	0.00289370711497	0.0017311762422	0.988584360033	0.00118480157914	84
refN	0.0	0.0	0.0	0.0	1.0	84
refA	0.984921679267	0.00145194344592	0.00129903607464	0.0108746910561	0.00122867162059	85
refT	0.00140313924817	0.991138007772	0.00305537512691	0.00355537017201	0.000770262637037	85
refG	0.000639634883098	0.00129258008746	0.995318090506	0.00181390100375	0.000913975393653	85
refC	0.00607607125662	0.00306803451724	0.00175474982408	0.987916166578	0.00104070219621	85
refN	0.0	0.0	0.0	0.0	1.0	85
refA	0.975781773025	0.00274461778556	0.00176042981852	0.0175921059049	0.00154841960952	86
refT	0.00247916663902	0.988500670548	0.00319805418156	0.0047123631404	0.000979014234858	86
refG	0.00146386472116	0.00510430405801	0.989356964598	0.00269262389619	0.00127016140957	86
refC	0.00825161596638	0.00475163278963	0.00248984062777	0.98308841364	0.00113725152998	86
refN	0.0	0.0	0.0	0.0	1.0	86
refA	0.97895592902	0.00204050630833	0.00151498355689	0.0155097639116	0.00154509163119	87
refT	0.00177483473936	0.989773243193	0.00323104187715	0.00411977588981	0.000997576499152	87
refG	0.000899707428473	0.00158466987402	0.993947019848	0.00216818382763	0.00136400089156	87
refC	0.00779714362065	0.00402327860091	0.00217643041658	0.984438194158	0.00132649425458	87
refN	0.0	0.0	0.0	0.0	1.0	87
refA	0.982771440863	0.00206254239258	0.00182541419743	0.0109058702402	0.0021429362821	88
refT	0.00172171652192	0.989209085804	0.00343986286961	0.00401733855114	0.00149679554549	88
refG	0.00115603162095	0.00509232671027	0.988673440291	0.00294795483315	0.00200339241115	88
refC	0.00776471373925	0.00409235438379	0.00251180772242	0.983457858272	0.00190407640051	88
refN	0.0	0.0	0.0	0.0	1.0	88
refA	0.98048431887	0.00217275009812	0.00195231643521	0.013259622467	0.00175742081862	89
refT	0.00199480129272	0.988100301302	0.00424382459744	0.00442674043534	0.00109439475895	89
refG	0.00120436034877	0.00444098597165	0.99003589089	0.00280819410547	0.00141226472464	89
refC	0.00793068571673	0.00445791337817	0.00286306614636	0.982965019756	0.00149798504117	89
refN	0.0	0.0	0.0	0.0	1.0	89
refA	0.978483808775	0.00267601944171	0.00219953396558	0.0142443717302	0.00194307064293	90
refT	0.00223119557798	0.987717551415	0.00422926801537	0.00449720538678	0.00117575149161	90
refG	0.00161603915162	0.00670737567366	0.986795359912	0.00300290532199	0.00170622980875	90
refC	0.00946606105356	0.0054012932674	0.00337040103223	0.979711261003	0.00164753615406	90
refN	0.0	0.0	0.0	0.0	1.0	90
refA	0.97588890974	0.00274056952376	0.00214233310855	0.016778240902	0.00188228890103	91
refT	0.00244871638853	0.986264908097	0.00427369042172	0.00566756822659	0.00115902017216	91
refG	0.00142120242562	0.00462222156767	0.988706770725	0.00351913284561	0.00160455962975	91
refC	0.00951773934547	0.00515225154819	0.00307423431296	0.980237707899	0.00163508726096	91
refN	0.0	0.0	0.0	0.0	1.0	91
refA	0.970210811581	0.00335653767887	0.00241204261889	0.0212998979809	0.00185898450073	92
refT	0.00273950495783	0.984808801826	0.00459406118713	0.00646890024727	0.00116141253161	92
refG	0.00180793629023	0.00608024009981	0.986558888022	0.00380656768613	0.00156810052272	92
refC	0.0117055293155	0.00636948436574	0.00365284274987	0.976086208201	0.00162742210008	92
refN	0.0	0.0	0.0	0.0	1.0	92
refA	0.966596613761	0.00361139759291	0.00246401209141	0.0242740075392	0.00197424910492	93
refT	0.00317997834348	0.983240283324	0.00466897400251	0.00740897191239	0.00122553432155	93
refG	0.00176640777425	0.00682166021817	0.985261231202	0.00425959966797	0.00167702504987	93
refC	0.0127352299553	0.00682825730868	0.00383146911307	0.974170335174	0.00178433577168	93
refN	0.0	0.0	0.0	0.0	1.0	93
refA	0.961238764745	0.00598770429215	0.00452270678561	0.0247988669244	0.00200558699234	94
refT	0.0046981153117	0.976989741832	0.00728671796587	0.00922672019628	0.00128114196498	94
refG	0.00428490276311	0.0140707241952	0.973128043403	0.00610300926953	0.00171011482622	94
refC	0.0153929343638	0.00977439723552	0.00622367949024	0.965714715073	0.00175775881632	94
refN	0.0	0.0	0.0	0.0	1.0	94
refA	0.966592040721	0.00375964468016	0.00275846797686	0.0238749926583	0.00193484317711	95
refT	0.00306062646109	0.982318603049	0.0052650269831	0.00787161404036	0.00117692939513	95
refG	0.00157884291472	0.00519026163788	0.9870835541	0.004371329098	0.00161130510549	95
refC	0.0130292011052	0.00715266904689	0.0041487581109	0.973291841741	0.00168276029706	95
refN	0.0	0.0	0.0	0.0	1.0	95
refA	0.962325654778	0.00411073034778	0.00278910474141	0.0274149594809	0.00199172625219	96
refT	0.00382264068316	0.979754140183	0.00560280271513	0.00923932559667	0.00117932997591	96
refG	0.00219558391252	0.00790203773485	0.982897554801	0.00504217541226	0.00167507274991	96
refC	0.0146061135787	0.00803143004941	0.00443118507816	0.970355705515	0.00172208249347	96
refN	0.0	0.0	0.0	0.0	1.0	96
refA	0.957375764193	0.00477715834123	0.00303085208658	0.0310758679811	0.00199780680701	97
refT	0.00404164538717	0.978838493064	0.00547405338224	0.0099738537255	0.00123342500924	97
refG	0.00184026092613	0.00377050655487	0.987568878212	0.00489531533738	0.00177240360942	97
refC	0.0155910017132	0.00833477917004	0.00459362975615	0.968797705563	0.0017387594646	97
refN	0.0	0.0	0.0	0.0	1.0	97
refA	0.954486305549	0.00579815538382	0.00356254317416	0.0322200695104	0.00195160715828	98
refT	0.00482191621176	0.975725686009	0.00577543987901	0.0119247846405	0.00117689541523	98
refG	0.00248448665948	0.00480652611431	0.984330170599	0.00645599003853	0.00168107129889	98
refC	0.0180879942965	0.00998953693553	0.00547397833593	0.963465948357	0.00169484976297	98
refN	0.0	0.0	0.0	0.0	1.0	98
refA	0.941470585883	0.00766804060407	0.00594815761656	0.0395099157711	0.0021670250901	99
refT	0.00634696104196	0.969242089705	0.00858232718384	0.0135129841808	0.00139781903261	99
refG	0.00497922023034	0.00680332006715	0.977245762426	0.00853716878573	0.00192829218469	99
refC	0.0197838397769	0.0123118188087	0.00804518438249	0.95609290933	0.00191950039256	99
refN	0.0	0.0	0.0	0.0	1.0	99
refA	0.951979599597	0.00572388069787	0.0037542062516	0.0341777369353	0.00216427693015	100
refT	0.00450633251194	0.97473230102	0.00623319696479	0.0125695373724	0.00133591026791	100
refG	0.00259284340232	0.00595763540263	0.982212781869	0.00709405453791	0.00183182892045	100
refC	0.0191262477545	0.0105887364113	0.00583365742541	0.961204607891	0.00179787765987	100
refN	0.0	0.0	0.0	0.0	1.0	100
